桃曲坡水库水位、库容查对表                   ft: 类万了

xe | ee      [we | xe | we | xe | ee | xe | ee | 水位 | ee | 水位 | ee | 水位 | we | xe | ee | xe | oe
762. §       0.0                124.0  |  767. 30     294.0     769. 70    $20.0     772.10                         1140.0    776.90    1522.0    779. 30    1960.0 |  781.70    2454.0    734.10    2940.0
762.         4.0                             767.40     302.0     769. 80     $30.0     772.20           0                 1155.0     777.00     1540.0     779. 40     1980.0 | 781.80     2476.0 |  784.20 |  2960. 0
769.90     $40.0     772. 30           0      774,70     1170.0     777,10     1556.0     779. 50     2000. 0     781.90     2498.0 |  784.30     2980. 3 |
770.0     $50.0     772.40      846.0     774. 80     1185.0     777.20     1572.0     779. 60     2022.0     782. 00     2520. 6     784. 40     3000. 0
770.10     561.0     772.50      860.0     774.90     1200. 0     777. 30     1588. 0     779. 70     2044.0     782.10     2540.0     784. 50     3020.0
770. 20     $72.0     772. 60      874.0     775.00     1215.0     777.40     1604.0     779. 80     2066. 0  |  782.20 |  2560.0     784. 60     3042.0
30     $83.0      772.70      888. 0      775.10     1230.0     777.50     1620.0     779.90     2088. 0     782. 30     2580. 0     784.70     3064.0
40     594.0      772.80      902.0      775.20     1245.0     777. 60     1638.0     780. 00  | acto. 0     782. 40     2600. 0     784. 30     3086. 0
上                                          一

50    605.0     772.90      916.0     715. 30     1260.0    711.70    1656.0    780. 10    2130.0    782. 50    2620.0    784.90    3108.0

60    617.0     773. 00     930.0     715.40    1275.0    777.80    1674.0    780. 20    2150.0    782. 60    2640. 0    785. 00    3130.0

629.0      773.10      942.0      715.50     1290.0     777.90     1692.0     780. 30     2170.0     782.70     2660.0     785.50     3250.0

763. 60                                                                641.0     773. 20     954.0     7115. 60    1307.0    778. 00    1710.0    780. 40    2190. 0    782. 80    2680.0

768.                                   0     773. 30      966.0     775.70     1324.0     778.10     1728.0     780. 50     2210.0     782.90  |  2700.0

50

763.70

0     773. 40      978.0     715. 80     1341.0     778. 20     1746.0     780. 60     2230. 0     783. 00     2720.0     787. 00     3600. 0

763. 80                                                             768. 60

773. 50     990.0     775.90    1358.0    778. 30    1764.0    780. 70    2250.0    783.10    2740.0    787. 50    |

773.60      1006. 0     776. 00     1375.0     778. 40     1782.0     780. 80     2270. 0     783.20     2760.0     788. 00     3838.0

763.90                                                             768. 70

764. 00                                                             768. 80

768.90                               773.10 | 1022.0 | 776.10 | 1390.0 | 778.50 | 1800.0 | 780.90 | 2290.0 | 783.30 | 2780.0 | 788.50 | 3949.0
769. 00          0                           773.80 | 1038.0 | 776.20 | 1405.0 | 778.60 | 1820.0 | 781.00 | 2310.0 | 783.40 | 2800.0 | 789.00 | 4060.0
Ts Peppa de coi lama ipdo theca lardidee Gel pedba Wage an | ceaa w Lone
764. 30                                       769.10 | 460.0 | 771.50 | 725.0 | 773.90 | 1054.0 | 776.30 | 1420.0 | 778.70 | 1840.0 | 781.10 | 2330.0 | 783.50 | 2820.0 | 789.50 | 4175.0
-一一

40               778.80     1860.0    781.20    2350.0    783. 60     2840.0    790. 00    4290.0

769. 20

50                   90     1880. 0    781. 30    2370.0    783.70    2860.0    790. 50    4420.0

769. 30

764. 60               767. 00                                                                              716, 60                                    781. 40    2390.0    783. 80    2880. 0    791. 00    4560. 0

164.70              767.10                                  771,90

717.0     774, 30     1112.0    776. 70    1486. 0    779. 10    1920.0    781. 50    2410.0    783. 90    2900. 0    793. oo |  5080. 0

764. 80                  167. 20

169. 60     510.0     772. 00    790.0     774.40     1126.0    776. 80    1504.0    779, 20    1940. 0    781. 60    2432.0    784, 00    2920.0                     sf

说明: 此查对表由设计院于 1997 年实测所得。

38