===== Sheet: Sheet1 (55行) =====
桃曲坡水库流域较大洪水统计表 |  |  |  |  |  |  |  |  |  |  |  |  |  | 
序号 | 洪水 | 年份 | 洪峰流量(m3/s) | 洪水总量 | 备  注 |  |  |  |  |  |  |  |  | 
 | 编号 |  |  | 最大一日/最大三日(万m3) |  | 累计调蓄洪水总量 |  | 弃洪量 |  |  |  |  |  | 
1.0 |  | 1867.0 | 最大 |  | 历时调查洪水,200年一遇 |  |  |  |  |  |  |  |  | 
2.0 |  | 1932.0 | 2110.0 |  | 100年一遇 |  |  |  |  |  |  |  |  | 
3.0 |  | 1930.0 | <2110 |  | 67年一遇 |  |  |  |  |  |  |  |  | 
 |  |  | >1030 |  |  |  |  |  |  |  |  |  |  | 
4.0 | 540817 | 1954.0 | 199.0 | 619/1146 | 以下均为实测洪水资料 |  |  |  |  |  |  |  |  | 
5.0 | 580423 | 1958.0 | 275.0 | 457/983 |  |  |  |  |  |  |  |  |  | 
6.0 |  | 1960.0 | 804.0 | 646/718 |  |  |  |  |  |  |  |  |  | 
7.0 | 640525 | 1964.0 | 118.0 | 773/1626 |  |  |  |  |  |  |  |  |  | 
8.0 | 650721 | 1965.0 | 148.0 | 311/395 |  |  |  |  |  |  |  |  |  | 
9.0 | 690821 | 1969.0 | 508.0 | 727/802 |  |  |  |  |  |  |  |  |  | 
10.0 | 700805 | 1970.0 | 1030.0 | 1070/1149 | 苏家店断面 |  |  |  |  |  |  |  |  | 
11.0 | 710821 | 1971.0 | 141.0 | 266/327 |  |  |  |  |  |  |  |  |  | 
12.0 | 720804.0 | 1972.0 | 176.0 | 78/93 |  |  |  |  |  |  |  |  |  | 
13.0 |  | 1973.0 | 112.0 | 350/668 |  |  |  |  |  |  |  |  |  | 
14.0 | 740718.0 | 1974.0 | 438.0 | 167/201 |  |  |  |  |  |  |  |  |  | 
15.0 | 750729 | 1975.0 | 423.0 | 811/2068 |  |  |  |  |  |  |  |  |  | 
16.0 | 760825 | 1976.0 | 261.0 | 1658/3521 |  |  |  |  |  |  |  |  |  | 
17.0 | 790803 | 1979.0 | 662.0 | 1362/1545 |  |  |  |  |  |  |  |  |  | 
18.0 | 810905 | 1981.0 | 130.0 | 1123/2730 |  | 1.0 | 2730.0 | 1981.0 | 6879.0 |  |  |  |  | 
19.0 |  | 1982.0 | 133.0 | 217/555 |  | 2.0 | 555.0 |  |  |  |  |  |  | 
20.0 |  | 1983.0 | 141.0 | 664/1354 |  | 3.0 | 1354.0 | 1983.0 | 19225.0 |  |  |  |  | 
21.0 |  | 1987.0 | 193.0 | 104/125 |  | 4.0 | 125.0 |  |  |  |  |  |  | 
22.0 | 880813 | 1988.0 | 565.0 | 1150/1950 |  | 5.0 | 1950.0 | 1988.0 | 8745.0 |  |  |  |  | 
23.0 | 910728.0 | 1991.0 | 255.0 | 296/377 |  | 6.0 | 377.0 |  |  |  |  |  |  | 
24.0 | 940806.0 | 1994.0 | 204.0 | 249/302 |  | 7.0 | 302.0 |  |  |  |  |  |  | 
25.0 | 960801 | 1996.0 | 323.0 | 505/683 |  | 8.0 | 683.0 |  |  |  |  |  |  | 
26.0 | 970718.0 | 1997.0 | 170.0 | 378/ |  | 9.0 | 378.0 |  |  |  |  |  |  | 
27.0 | 812.0 | 2000.0 | 154.0 | 345/ |  | 10.0 | 345.0 |  |  |  |  |  |  | 
28.0 | 10727.0 | 2001.0 | 187.0 | 405/ |  | 11.0 | 105.0 |  |  |  |  |  |  | 
29.0 | 30829.0 | 2003.0 | 入库21:00,327（柳林17:00,2666） | 1485/2918/3632（五日） | 30年一遇 | 12.0 | 3632.0 | 2003.0 | 10496.0 |  |  |  |  | 
30.0 | 60828.0 | 2006.0 | 145.0 | 545/ |  | 13.0 | 545.0 |  |  |  |  |  |  | 
31.0 | 70729.0 | 2007.0 | 55.0 | 509/ |  | 14.0 | 509.0 | 2007.0 | 840.0 |  |  |  |  | 
32.0 | 100724.0 | 2010.0 | 1353.0 | 1826/2230 |  | 15.0 | 2230.0 | 2010.0 | 6648.0 |  |  |  |  | 
33.0 | 100813.0 | 2010.0 | 381.0 | 1443/2日 |  | 16.0 | 1443.0 |  |  |  |  |  |  | 
34.0 | 100823.0 | 2010.0 | 79.0 | 457/1068 |  | 17.0 | 1068.0 |  |  |  |  |  |  | 
35.0 | 110729.0 | 2011.0 | 397.0 | 695/2日 |  | 18.0 | 695.0 | 2011.0 | 10561.0 |  |  |  |  | 
36.0 | 110818.0 | 2011.0 | 101.0 | 286/2日 |  | 19.0 | 286.0 |  |  |  |  |  |  | 
37.0 | 110821.0 | 2011.0 | 74.0 | 1280/5日 |  | 20.0 | 1280.0 |  |  |  |  |  |  | 0.19130434782608696
38.0 | 110905.0 | 2011.0 | 70.0 | 904/5日 |  | 21.0 | 904.0 |  |  |  |  |  |  | 
39.0 | 110911.0 | 2011.0 | 110.0 | 2155/5日 |  | 22.0 | 2155.0 |  |  |  |  |  |  | 
40.0 | 110918.0 | 2011.0 | 206.0 | 3409/7日 |  | 23.0 | 3409.0 |  |  |  |  |  |  | 
41.0 | 130722.0 | 2013.0 | 258.0 | 983/1249 |  | 24.0 | 1249.0 | 2013.0 | 167.0 |  |  |  |  | 
42.0 | 180821.0 | 2018.0 | 466.0 | 958/1308 | 柳林断面实测383m3/s | 25.0 | 1308.0 | 2018.0 | 1610.0 |  |  |  |  | 
43.0 | 190914.0 | 2019.0 | 69.0 | 1065/5日 | 柳林断面实测56m3/s | 26.0 | 1065.0 | 2019.0 | 390.0 |  |  |  |  | 
44.0 | 200816.0 | 2020.0 | 257.0 | 730/1151 | 柳林断面实测209m3/s | 27.0 | 1151.0 | 2020.0 | 1250.0 |  |  |  |  | 
45.0 | 210918.0 | 2021.0 | 100.0 | 800/3日 | 柳林断面实测81m3/s | 28.0 | 800.0 | 2021.0 | 11049.0 |  |  |  |  | 
46.0 | 210925.0 | 2021.0 | 267.0 | 1103/1日 | 柳林断面实测217m3/s | 29.0 | 1103.0 |  |  |  |  |  |  | 
47.0 | 211003.0 | 2021.0 | 351.0 | 3706/3日 | 柳林断面实测285m3/s | 30.0 | 3706.0 |  |  |  |  |  |  | 
48.0 | 230728.0 | 2023.0 | 147.0 | 514/1日 | 柳林断面实测120m3/s | 31.0 | 514.0 | 2023.0 | 16.0 |  |  |  |  | 
49.0 | 251012.0 | 2025.0 | 153.0 | 553/1日、937/3日 | 柳林断面实测124m3/s | 32.0 | 1910.0 | 2025.0 | 1910.0 |  |  |  |  | 
 |  |  |  |  |  |  | 39866.0 |  | 79786.0 |  |  |  |  | 
 |  |  |  |  |  |  |  | 119652.0 |  |  |  |  |  | 
===== Sheet: Sheet2 (0行) =====
===== Sheet: Sheet3 (0行) =====