===== Sheet: 入库洪水 (68行) =====
2021年柳林断面流量统计表(10月3日-10月7日洪水) |  |  |  |  |  |  |  |  |  | 
日期 | 报汛时间 | 库水位 | 库容 | 柳林流量 | 平均流量 | 历时 | 时段水量 | 洪水总量 | 3日/5日洪量 | 依据库容反推的洪量
44472.0 | 08:00:00 | 785.78 | 3317.2 | 12.0 |  |  |  |  |  | 
 | 11:50:00 |  |  | 50.0 | 31.0 | 3.83 | 42.7428 | 42.7428 |  | 
 | 12:10:00 |  |  | 126.0 | 88.0 | 0.33 | 10.454400000000001 | 53.1972 |  | 
 | 12:45:00 | 785.86 | 3336.4 | 180.0 | 153.0 | 0.58 | 31.946399999999997 | 85.14359999999999 |  | 
 | 13:15:00 |  |  | 250.0 | 215.0 | 0.5 | 38.699999999999996 | 123.84359999999998 |  | 
 | 13:25:00 |  |  | 285.0 | 267.5 | 0.17 | 16.371 | 140.2146 |  | 
 | 14:00:00 | 786.14 | 3402.2 |  |  |  |  | 140.2146 |  | 
 | 14:30:00 | 786.3 | 3439.0 |  |  |  |  | 140.2146 |  | 
 | 15:00:00 | 786.4 | 3462.0 |  |  |  |  | 140.2146 |  | 
 | 16:00:00 | 786.58 | 3503.4 | 200.0 | 242.5 | 2.58 | 225.23399999999998 | 365.44859999999994 |  | 
 | 17:00:00 | 786.71 | 3533.3 |  |  |  |  | 365.44859999999994 |  | 
 | 18:00:00 | 786.81 | 3556.3 |  |  |  |  | 365.44859999999994 |  | 
 | 19:00:00 | 786.88 | 3572.4 |  |  |  |  | 365.44859999999994 |  | 
 | 20:00:00 | 786.93 | 3583.9 | 147.0 | 173.5 | 4.0 | 249.84 | 615.2886 |  | 
 | 21:00:00 | 786.97 | 3593.1 |  |  |  |  | 615.2886 |  | 
 | 22:00:00 | 787.0 | 3600.0 |  |  |  |  | 615.2886 |  | 
44473.0 | 1900-01-01 | 787.02 | 3604.76 |  |  |  |  | 615.2886 |  | 
 | 04:00:00 | 787.01 | 3602.38 |  |  |  |  | 615.2886 |  | 
 | 08:00:00 | 786.98 | 3595.4 | 68.5 | 107.75 | 12.0 | 465.47999999999996 | 1080.7685999999999 |  | 
 | 09:45:00 |  |  | 55.0 | 61.75 | 1.75 | 38.902499999999996 | 1119.6710999999998 |  | 
 | 12:00:00 | 786.93 | 3583.9 |  |  |  |  | 1119.6710999999998 |  | 
 | 17:00:00 | 787.09 | 3621.42 |  |  |  |  | 1119.6710999999998 |  | 
 | 17:35:00 |  |  | 145.0 | 100.0 | 7.83 | 281.88 | 1401.5510999999997 |  | 
 | 18:00:00 | 787.2 | 3647.6 | 167.0 | 156.0 | 0.42 | 23.5872 | 1425.1382999999996 |  | 
 | 19:00:00 | 787.28 | 3666.64 |  |  |  |  | 1425.1382999999996 |  | 
 | 20:00:00 | 787.36 | 3685.68 | 197.0 | 182.0 | 2.0 | 131.04 | 1556.1782999999996 |  | 
 | 21:00:00 | 787.44 | 3704.72 |  |  |  |  | 1556.1782999999996 |  | 
 | 22:00:00 | 787.48 | 3714.24 |  |  |  |  | 1556.1782999999996 |  | 
 | 23:00:00 | 787.5 | 3719.0 |  |  |  |  | 1556.1782999999996 |  | 
44474.0 | 1900-01-01 | 787.53 | 3726.1 | 253.0 | 225.0 | 4.0 | 324.0 | 1880.1782999999996 |  | 
 | 1900-01-01 01:00:00 | 787.52 | 3723.76 |  |  |  |  | 1880.1782999999996 |  | 
 | 06:00:00 | 787.56 | 3733.28 |  |  |  |  | 1880.1782999999996 |  | 
 | 08:00:00 | 787.55 | 3730.9 | 120.0 | 186.5 | 8.0 | 537.12 | 2417.2982999999995 |  | 
 | 11:35:00 |  |  | 168.0 | 144.0 | 3.58 | 185.5872 | 2602.8854999999994 |  | 
 | 12:00:00 | 787.5 | 3719.0 |  |  |  |  | 2602.8854999999994 |  | 
 | 14:00:00 | 787.43 | 3702.34 |  |  |  |  | 2602.8854999999994 |  | 
 | 16:00:00 | 787.36 | 3685.68 |  |  |  |  | 2602.8854999999994 |  | 
 | 18:00:00 | 787.29 | 3669.02 |  |  |  |  | 2602.8854999999994 |  | 
 | 20:00:00 | 787.18 | 3642.84 | 168.0 | 168.0 | 8.42 | 509.24159999999995 | 3112.1270999999992 |  | 
44475.0 | 1900-01-01 | 786.94 | 3586.2 |  |  |  |  | 3112.1270999999992 |  | 
 | 06:00:00 | 786.54 | 3494.2 |  |  |  |  | 3112.1270999999992 |  | 
 | 08:00:00 | 786.43 | 3468.9 | 102.0 | 135.0 | 12.0 | 583.1999999999999 | 3695.327099999999 |  | 
 | 09:00:00 | 786.38 | 3457.4 |  |  |  |  | 3695.327099999999 |  | 
 | 10:00:00 | 786.37 | 3455.1 |  |  |  |  | 3695.327099999999 |  | 
 | 12:00:00 | 786.36 | 3452.8 |  |  |  |  | 3695.327099999999 |  | 
 | 13:05:00 |  |  | 179.0 | 140.5 | 5.08 | 256.9464 | 3952.273499999999 |  | 
 | 16:00:00 | 786.33 | 3445.9 |  |  |  |  | 3952.273499999999 |  | 
 | 18:00:00 | 786.24 | 3425.2 |  |  |  |  | 3952.273499999999 |  | 
 | 20:00:00 | 786.18 | 3411.4 | 117.0 | 148.0 | 6.92 | 368.6976 | 4320.971099999999 | 3705.682499999999 | 
44476.0 | 1900-01-01 | 786.05 | 3381.5 |  |  |  |  | 4320.971099999999 |  | 
 | 06:00:00 | 785.76 | 3312.4 |  |  |  |  | 4320.971099999999 |  | 
 | 08:00:00 | 785.67 | 3290.8 | 70.0 | 93.5 | 12.0 | 403.91999999999996 | 4724.891099999999 |  | 
 | 10:00:00 | 785.65 | 3286.0 |  |  |  |  | 4724.891099999999 |  | 
 | 12:00:00 | 785.64 | 3283.6 |  |  |  |  | 4724.891099999999 |  | 
 | 14:00:00 | 785.66 | 3288.4 |  |  |  |  | 4724.891099999999 |  | 
 | 16:00:00 | 785.67 | 3290.8 |  |  |  |  | 4724.891099999999 |  | 
 | 20:00:00 | 785.65 | 3286.0 | 70.0 | 70.0 | 12.0 | 302.4 | 5027.291099999999 |  | 
44477.0 | 08:00:00 | 785.43 | 3233.2 | 50.7 | 60.35 | 12.0 | 260.712 | 5288.003099999998 |  | 
 | 20:00:00 | 785.36 | 3216.4 | 31.6 | 41.150000000000006 | 12.0 | 177.76800000000003 | 5465.771099999998 | 4850.482499999998 | 
44478.0 | 1900-01-01 08:00:00 | 785.22 | 3182.8 | 27.6 | 29.6 | 12.0 | 127.87200000000001 | 5593.643099999998 |  | 
 | 20:00:00 | 785.06 | 3144.4 | 27.6 | 27.6 | 12.0 | 119.23200000000001 | 5712.875099999998 |  | 
44479.0 | 08:00:00 | 784.97 | 3223.4 | 28.8 | 28.200000000000003 | 12.0 | 121.82400000000001 | 5834.699099999998 |  | 
 | 1900-01-01 20:00:00 | 785.26 | 3192.4 | 36.0 | 32.4 | 12.0 | 139.968 | 5974.667099999998 |  | 
44480.0 | 1900-01-01 08:00:00 | 785.49 | 3247.6 | 33.0 | 34.5 | 12.0 | 149.04 | 6123.707099999998 |  | 
===== Sheet: 桃库溢洪道溢流 (28行) =====
2021年11月份桃曲坡水库溢洪道溢流过程
                            单位：m3/s  万m3 |  |  |  |  |  |  |  | 
日期 | 时间 | 库水位 | 入库流量 | 溢洪道溢流量 | 平均溢流量 | 历时(小时) | 泄水量 | 累计泄水量
44502.0 | 20:00:00 | 788.75 | 8.0 | 1.5 |  |  |  | 
44503.0 | 08:00:00 | 789.05 | 8.0 | 6.0 | 3.75 | 12.0 | 16.2 | 16.2
 | 20:00:00 | 789.06 | 8.0 | 6.0 | 6.0 | 12.0 | 25.919999999999998 | 42.12
44504.0 | 08:00:00 | 789.08 | 8.0 | 6.0 | 6.0 | 12.0 | 25.919999999999998 | 68.03999999999999
 | 20:00:00 | 789.08 | 6.0 | 5.0 | 5.5 | 12.0 | 23.759999999999998 | 91.79999999999998
44505.0 | 08:00:00 | 789.06 | 5.0 | 4.0 | 4.5 | 12.0 | 19.439999999999998 | 111.23999999999998
44507.0 | 20:00:00 | 789.02 | 4.5 | 3.5 | 3.75 | 60.0 | 81.0 | 192.23999999999998
44508.0 | 08:00:00 | 789.02 | 4.5 | 3.5 | 3.5 | 12.0 | 15.12 | 207.35999999999999
 | 20:00:00 | 789.03 | 4.5 | 3.5 | 3.5 | 12.0 | 15.12 | 222.48
44509.0 | 08:00:00 | 789.03 | 4.5 | 3.5 | 3.5 | 12.0 | 15.12 | 237.6
44510.0 | 08:00:00 | 789.02 | 4.5 | 3.5 | 3.5 | 24.0 | 30.24 | 267.84
44511.0 | 08:00:00 | 789.01 | 4.0 | 3.0 | 3.25 | 24.0 | 28.08 | 295.91999999999996
44512.0 | 08:00:00 | 789.0 | 4.0 | 3.0 | 3.0 | 24.0 | 25.919999999999998 | 321.84
44513.0 | 20:00:00 | 789.01 | 3.5 | 2.5 | 2.75 | 36.0 | 35.64 | 357.47999999999996
44514.0 | 08:00:00 | 789.01 | 3.5 | 2.5 | 2.5 | 12.0 | 10.799999999999999 | 368.28
44515.0 | 20:00:00 | 788.99 | 3.2 | 2.5 | 2.5 | 36.0 | 32.4 | 400.67999999999995
44516.0 | 08:00:00 | 788.99 | 3.1 | 2.5 | 2.5 | 12.0 | 10.799999999999999 | 411.47999999999996
44517.0 | 08:00:00 | 788.98 | 3.1 | 2.5 | 2.5 | 24.0 | 21.599999999999998 | 433.08
 | 20:00:00 | 788.98 | 2.8 | 2.0 | 2.25 | 12.0 | 9.719999999999999 | 442.79999999999995
44518.0 | 08:00:00 | 788.98 | 2.8 | 2.0 | 2.0 | 12.0 | 8.64 | 451.43999999999994
44522.0 | 20:00:00 |  |  | 2.0 | 2.0 | 108.0 | 77.75999999999999 | 529.1999999999999
44523.0 | 08:00:00 |  |  | 1.5 | 1.75 | 12.0 | 7.56 | 536.7599999999999
44531.0 | 08:00:00 |  |  | 1.5 | 1.5 | 192.0 | 103.67999999999999 | 640.4399999999998
44534.0 | 08:00:00 |  |  | 1.5 | 1.5 | 72.0 | 38.879999999999995 | 679.3199999999998
溢洪道溢流累计33天，溢流量679万m3。 |  |  |  |  |  |  |  | 
===== Sheet: 下泄水量 (72行) =====
2021年9月25日-10月10日桃曲坡水库泄水过程
                                              单位：m3/s  万m3 |  |  |  |  |  |  |  |  |  |  |  |  | 
日期 | 时间 | 下泄流量 |  |  | 平均流量 | 历时(小时) | 泄水量 | 累计泄水量 |  |  |  |  | 
 |  | 低洞 | 溢洪道 | 小计 |  |  |  |  |  |  |  |  | 
44464.0 | 19:00:00 | 10.0 |  | 10.0 |  |  |  |  |  |  |  |  | 
 | 20:40:00 | 30.0 |  | 30.0 | 20.0 | 1.67 | 12.024 | 12.024 |  |  |  |  | 
 | 22:00:00 | 50.0 |  | 50.0 | 40.0 | 1.33 | 19.152 | 31.176000000000002 |  |  |  |  | 
 | 22:30:00 | 80.0 |  | 80.0 | 65.0 | 0.5 | 11.7 | 42.876000000000005 |  |  |  |  | 
44465.0 | 00:30:00 | 80.0 | 70.0 | 150.0 | 115.0 | 2.0 | 82.8 | 125.676 |  |  |  |  | 
 | 08:00:00 | 80.0 | 70.0 | 150.0 | 150.0 | 7.5 | 405.0 | 530.676 | 70.0 | 7.5 | 189.0 | 189.0 | 
 | 12:00:00 | 80.0 | 70.0 | 150.0 | 150.0 | 4.0 | 216.0 | 746.676 | 70.0 | 4.0 | 100.8 | 289.8 | 
 | 13:00:00 | 80.0 | 40.0 | 120.0 | 135.0 | 1.0 | 48.6 | 795.2760000000001 | 55.0 | 1.0 | 19.8 | 309.6 | 
 | 20:00:00 | 80.0 | 40.0 | 120.0 | 120.0 | 7.0 | 302.4 | 1097.676 | 40.0 | 7.0 | 100.8 | 410.40000000000003 | 
 | 22:00:00 | 80.0 | 40.0 | 120.0 | 120.0 | 2.0 | 86.39999999999999 | 1184.076 | 40.0 | 2.0 | 28.799999999999997 | 439.20000000000005 | 
 | 22:30:00 | 80.0 | 20.0 | 100.0 | 110.0 | 0.5 | 19.8 | 1203.876 | 30.0 | 0.5 | 5.3999999999999995 | 444.6 | 
44466.0 | 08:00:00 | 80.0 | 20.0 | 100.0 | 100.0 | 9.5 | 342.0 | 1545.876 | 20.0 | 9.5 | 68.39999999999999 | 513.0 | 
 | 08:40:00 | 80.0 | 关闭 | 80.0 | 90.0 | 0.67 | 21.708000000000002 | 1567.584 | 20.0 | 0.67 | 4.824 | 517.824 | 
 | 20:00:00 | 80.0 |  | 80.0 | 80.0 | 11.33 | 326.304 | 1893.888 |  |  |  |  | 
 | 21:30:00 | 50.0 |  | 50.0 | 65.0 | 1.5 | 35.1 | 1928.9879999999998 |  |  |  |  | 
44467.0 | 08:00:00 | 50.0 |  | 50.0 | 50.0 | 10.5 | 189.0 | 2117.988 |  |  |  |  | 
 | 20:00:00 | 50.0 |  | 50.0 | 50.0 | 12.0 | 216.0 | 2333.988 |  |  |  |  | 
 | 21:00:00 | 30.0 |  | 30.0 | 40.0 | 1.0 | 14.399999999999999 | 2348.388 |  |  |  |  | 
44468.0 | 08:00:00 | 30.0 |  | 30.0 | 30.0 | 11.0 | 118.8 | 2467.188 |  |  |  |  | 
 | 09:30:00 | 20.0 |  | 20.0 | 25.0 | 1.5 | 13.5 | 2480.688 |  |  |  |  | 
 | 20:00:00 | 20.0 |  | 20.0 | 20.0 | 10.5 | 75.6 | 2556.288 |  |  |  |  | 
44469.0 | 08:00:00 | 20.0 |  | 20.0 | 20.0 | 12.0 | 86.39999999999999 | 2642.688 |  |  |  |  | 
44472.0 | 08:00:00 | 20.0 |  | 20.0 | 20.0 | 72.0 | 518.4 | 3161.088 |  |  |  |  | 
 | 14:30:00 | 80.0 |  | 80.0 | 50.0 | 6.5 | 117.0 | 3278.088 |  |  |  |  | 
 | 15:00:00 | 90.0 |  | 90.0 | 85.0 | 0.5 | 15.299999999999999 | 3293.3880000000004 |  |  |  |  | 
44473.0 | 08:00:00 | 90.0 |  | 90.0 | 90.0 | 17.0 | 550.8 | 3844.188 |  |  |  |  | 
 | 18:00:00 | 90.0 | 40.0 | 130.0 | 110.0 | 10.0 | 396.0 | 4240.188 |  |  |  |  | 
 | 20:00:00 | 90.0 | 40.0 | 130.0 | 130.0 | 2.0 | 93.6 | 4333.7880000000005 | 40.0 | 2.0 | 28.799999999999997 | 28.799999999999997 | 
 | 20:30:00 | 90.0 | 60.0 | 150.0 | 140.0 | 0.5 | 25.2 | 4358.988 | 50.0 | 0.5 | 9.0 | 37.8 | 
44474.0 | 08:00:00 | 90.0 | 60.0 | 150.0 | 150.0 | 11.5 | 621.0 | 4979.988 | 60.0 | 11.5 | 248.39999999999998 | 286.2 | 
 | 11:30:00 | 90.0 | 90.0 | 180.0 | 165.0 | 3.5 | 207.9 | 5187.888 | 75.0 | 3.5 | 94.5 | 380.7 | 
 | 20:00:00 | 90.0 | 90.0 | 180.0 | 180.0 | 8.5 | 550.8 | 5738.688 | 90.0 | 8.5 | 275.4 | 656.0999999999999 | 
44475.0 | 08:00:00 | 90.0 | 90.0 | 180.0 | 180.0 | 12.0 | 777.6 | 6516.2880000000005 | 90.0 | 12.0 | 388.8 | 1044.8999999999999 | 
 | 19:00:00 | 90.0 | 60.0 | 150.0 | 165.0 | 11.0 | 653.4 | 7169.688 | 75.0 | 11.0 | 297.0 | 1341.8999999999999 | 
 | 20:00:00 | 90.0 | 60.0 | 150.0 | 150.0 | 1.0 | 54.0 | 7223.688 | 60.0 | 1.0 | 21.599999999999998 | 1363.4999999999998 | 
44476.0 | 07:00:00 | 90.0 | 20.0 | 110.0 | 130.0 | 11.0 | 514.8 | 7738.488 | 40.0 | 11.0 | 158.4 | 1521.8999999999999 | 
 | 08:00:00 | 90.0 | 20.0 | 110.0 | 110.0 | 1.0 | 39.6 | 7778.088000000001 | 20.0 | 1.0 | 7.199999999999999 | 1529.1 | 
 | 10:40:00 | 90.0 | 关闭 | 90.0 | 100.0 | 2.67 | 96.11999999999999 | 7874.2080000000005 | 20.0 | 2.67 | 19.224 | 1548.3239999999998 | 2066.1479999999997
 | 20:00:00 | 90.0 |  | 90.0 | 90.0 | 9.33 | 302.29200000000003 | 8176.500000000001 |  |  |  |  | 
44477.0 | 02:00:00 | 80.0 |  | 80.0 | 85.0 | 6.0 | 183.6 | 8360.1 |  |  |  |  | 
 | 08:00:00 | 80.0 |  | 80.0 | 80.0 | 6.0 | 172.79999999999998 | 8532.9 |  |  |  |  | 
 | 10:00:00 | 60.0 |  | 60.0 | 70.0 | 2.0 | 50.4 | 8583.3 |  |  |  |  | 
 | 20:00:00 | 60.0 |  | 60.0 | 60.0 | 10.0 | 216.0 | 8799.3 |  |  |  |  | 
44478.0 | 08:00:00 | 60.0 |  | 60.0 | 60.0 | 12.0 | 259.2 | 9058.5 |  |  |  |  | 
 | 17:00:00 | 50.0 |  | 50.0 | 55.0 | 9.0 | 178.2 | 9236.7 |  |  |  |  | 
 | 20:00:00 | 50.0 |  | 50.0 | 50.0 | 3.0 | 54.0 | 9290.7 |  |  |  |  | 
44479.0 | 08:00:00 | 50.0 |  | 50.0 | 50.0 | 12.0 | 216.0 | 9506.7 |  |  |  |  | 
 | 09:00:00 | 20.0 |  | 20.0 | 35.0 | 1.0 | 12.6 | 9519.300000000001 |  |  |  |  | 
 | 20:00:00 | 20.0 |  | 20.0 | 20.0 | 11.0 | 79.2 | 9598.500000000002 |  |  |  |  | 
44480.0 | 08:00:00 | 20.0 |  | 20.0 | 20.0 | 12.0 | 86.39999999999999 | 9684.900000000001 | 6523.812000000002 | 桃曲坡水库全年弃水32天（9月16日、9月25日-10月26日），最大下泄流量180m3/s，总弃水量11049万方，仅次于1983年1.9亿m3。其中9月份弃水2652万方、10月份弃水8397万方。其中溢洪道弃水2066万方、低洞弃水8983万方。岔口断面全年弃水186天，总弃水量1.83亿立方米（其中9月份弃水量4972万方，10月份弃水量1.22亿立方米）。 |  |  | 
44481.0 | 20:00:00 | 20.0 |  | 20.0 | 20.0 | 36.0 | 259.2 | 9944.100000000002 |  |  |  |  | 
 | 21:00:00 | 10.0 |  | 10.0 | 15.0 | 1.0 | 5.3999999999999995 | 9949.500000000002 |  |  |  |  | 
44487.0 | 08:00:00 | 10.0 |  | 10.0 | 10.0 | 131.0 | 471.59999999999997 | 10421.100000000002 |  |  |  |  | 
44491.0 | 08:00:00 | 10.0 |  | 10.0 | 10.0 | 72.0 | 259.2 | 10680.300000000003 |  |  |  |  | 
44495.0 | 12:00:00 | 10.0 | 关闭低洞 | 10.0 | 10.0 | 100.0 | 360.0 | 11040.300000000003 |  |  |  |  | 
9月25日-10月11日桃曲坡水库持续泄水，共泄水17天，泄水总量9685万方（其中溢洪道2066万方、低洞7619万方）。9月16日低洞泄水2.5小时、流量10m3/s，泄量9万方。 |  |  |  |  |  |  |  |  |  |  |  |  | 
桃曲坡灌区10月2日-6日降雨量统计表 |  |  |  |  |  |  |  |  |  |  |  |  | 
 |  |  |  |  | mm |  |  |  |  |  |  |  | 
时间 | 柳林 | 庙湾 | 瑶曲 | 枢纽 | 红星 | 尚书 | 马栏 |  |  |  |  |  | 
44471.0 | 0.0 | 0.0 | 3.8 | 0.0 | 0.0 | 0.0 | 33.3 |  |  |  |  |  | 
44472.0 | 20.6 | 62.7 | 71.5 | 9.5 | 28.0 | 19.5 | 81.0 |  |  |  |  |  | 
44473.0 | 33.5 | 29.5 | 35.2 | 39.0 | 29.5 | 30.5 | 49.2 |  |  |  |  |  | 
44474.0 | 28.9 | 28.4 | 25.9 | 15.0 | 17.5 | 19.0 | 33.6 |  |  |  |  |  | 
44475.0 | 8.4 | 7.7 | 10.2 | 6.5 | 7.0 | 9.0 | 6.2 |  |  |  |  |  | 
合计 | 91.4 | 128.29999999999998 | 146.6 | 70.0 | 82.0 | 78.0 | 203.29999999999998 |  |  |  |  |  | 
桃曲坡水库流域过程面雨量121mm。 |  |  |  |  |  |  |  |  |  |  |  |  | 
===== Sheet: 降雨量 (7行) =====
“10.3”洪水预报值 |  |  |  | 
 | 柳林 | 瑶曲 | 庙湾 | 枢纽
各站点降雨 | 91.4 | 146.6 | 128.29999999999998 | 70.0
权重 | 0.209 | 0.282 | 0.422 | 0.087
面雨量 |  | 120.6764 |  | 
净雨深R |  | 24.13528 |  | 
洪水总量W=0.1RF |  | 2003.2282400000004 |  | 
===== Sheet: 岔口弃水 (167行) =====
9-10月份岔口断面弃水过程 |  |  |  |  |  |  | 
 |  |  |  |  |  | 水量单位：万方 | 
日期 | 时间 | 下泄流量 | 平均流量 | 历时(小时) | 泄水量 | 累计泄水量 | 备注
44440.0 | 08:00:00 | 3.0 |  |  |  |  | 
 | 20:00:00 | 2.0 | 2.5 | 12.0 | 10.799999999999999 | 10.799999999999999 | 
44441.0 | 08:00:00 | 1.0 | 1.5 | 12.0 | 6.4799999999999995 | 17.279999999999998 | 
 | 20:00:00 | 1.0 | 1.0 | 12.0 | 4.32 | 21.599999999999998 | 
44442.0 | 08:00:00 | 0.2 | 0.6 | 12.0 | 2.5919999999999996 | 24.191999999999997 | 
 | 20:00:00 | 5.0 | 2.6 | 12.0 | 11.232000000000001 | 35.424 | 
44443.0 | 08:00:00 | 5.0 | 5.0 | 12.0 | 21.599999999999998 | 57.024 | 
 | 20:00:00 | 3.0 | 4.0 | 12.0 | 17.28 | 74.304 | 
44444.0 | 08:00:00 | 3.0 | 3.0 | 12.0 | 12.959999999999999 | 87.264 | 
 | 20:00:00 | 6.0 | 4.5 | 12.0 | 19.439999999999998 | 106.704 | 
44445.0 | 08:00:00 | 2.0 | 4.0 | 12.0 | 17.28 | 123.984 | 
 | 20:00:00 | 2.0 | 2.0 | 12.0 | 8.64 | 132.624 | 
44446.0 | 08:00:00 | 1.0 | 1.5 | 12.0 | 6.4799999999999995 | 139.10399999999998 | 
 | 20:00:00 | 1.0 | 1.0 | 12.0 | 4.32 | 143.42399999999998 | 
44447.0 | 08:00:00 | 0.8 | 0.9 | 12.0 | 3.888 | 147.31199999999998 | 
 | 20:00:00 | 0.8 | 0.8 | 12.0 | 3.4560000000000004 | 150.76799999999997 | 
44448.0 | 08:00:00 | 0.8 | 0.8 | 12.0 | 3.4560000000000004 | 154.22399999999996 | 
 | 20:00:00 | 0.8 | 0.8 | 12.0 | 3.4560000000000004 | 157.67999999999995 | 
44449.0 | 08:00:00 | 0.5 | 0.65 | 12.0 | 2.8080000000000003 | 160.48799999999994 | 
 | 20:00:00 | 0.5 | 0.5 | 12.0 | 2.16 | 162.64799999999994 | 
44450.0 | 08:00:00 | 0.5 | 0.5 | 12.0 | 2.16 | 164.80799999999994 | 
 | 20:00:00 | 0.5 | 0.5 | 12.0 | 2.16 | 166.96799999999993 | 
44451.0 | 08:00:00 | 0.5 | 0.5 | 12.0 | 2.16 | 169.12799999999993 | 
 | 20:00:00 | 0.5 | 0.5 | 12.0 | 2.16 | 171.28799999999993 | 
44452.0 | 08:00:00 | 0.5 | 0.5 | 12.0 | 2.16 | 173.44799999999992 | 
 | 20:00:00 | 0.5 | 0.5 | 12.0 | 2.16 | 175.60799999999992 | 
44453.0 | 08:00:00 | 0.5 | 0.5 | 12.0 | 2.16 | 177.76799999999992 | 
 | 20:00:00 | 0.5 | 0.5 | 12.0 | 2.16 | 179.9279999999999 | 
44454.0 | 08:00:00 | 0.5 | 0.5 | 12.0 | 2.16 | 182.0879999999999 | 
 | 20:00:00 | 0.5 | 0.5 | 12.0 | 2.16 | 184.2479999999999 | 
44455.0 | 08:00:00 | 2.0 | 1.25 | 12.0 | 5.3999999999999995 | 189.6479999999999 | 
 | 20:00:00 | 2.0 | 2.0 | 12.0 | 8.64 | 198.2879999999999 | 
44456.0 | 08:00:00 | 2.5 | 2.25 | 12.0 | 9.719999999999999 | 208.0079999999999 | 
 | 20:00:00 | 15.0 | 8.75 | 12.0 | 37.8 | 245.80799999999988 | 
44457.0 | 08:00:00 | 18.0 | 16.5 | 12.0 | 71.28 | 317.08799999999985 | 
 | 20:00:00 | 30.0 | 24.0 | 12.0 | 103.67999999999999 | 420.76799999999986 | 
44458.0 | 08:00:00 | 20.0 | 25.0 | 12.0 | 108.0 | 528.7679999999998 | 
 | 20:00:00 | 15.0 | 17.5 | 12.0 | 75.6 | 604.3679999999998 | 
44459.0 | 08:00:00 | 12.0 | 13.5 | 12.0 | 58.32 | 662.6879999999999 | 
 | 20:00:00 | 8.0 | 10.0 | 12.0 | 43.199999999999996 | 705.8879999999999 | 
44460.0 | 08:00:00 | 5.0 | 6.5 | 12.0 | 28.08 | 733.968 | 
 | 20:00:00 | 3.0 | 4.0 | 12.0 | 17.28 | 751.2479999999999 | 
44461.0 | 08:00:00 | 3.0 | 3.0 | 12.0 | 12.959999999999999 | 764.208 | 
 | 20:00:00 | 2.0 | 2.5 | 12.0 | 10.799999999999999 | 775.0079999999999 | 
44462.0 | 08:00:00 | 2.0 | 2.0 | 12.0 | 8.64 | 783.6479999999999 | 
 | 20:00:00 | 3.0 | 2.5 | 12.0 | 10.799999999999999 | 794.4479999999999 | 
44463.0 | 08:00:00 | 3.0 | 3.0 | 12.0 | 12.959999999999999 | 807.4079999999999 | 
 | 20:00:00 | 20.0 | 11.5 | 12.0 | 49.68 | 857.0879999999999 | 
44464.0 | 08:00:00 | 10.0 | 15.0 | 12.0 | 64.8 | 921.8879999999998 | 
 | 20:00:00 | 20.0 | 15.0 | 12.0 | 64.8 | 986.6879999999998 | 
44465.0 | 08:00:00 | 200.0 | 110.0 | 12.0 | 475.2 | 1461.8879999999997 | 
 | 20:00:00 | 180.0 | 190.0 | 12.0 | 820.8 | 2282.6879999999996 | 
44466.0 | 08:00:00 | 160.0 | 170.0 | 12.0 | 734.4 | 3017.0879999999997 | 
 | 20:00:00 |  | 80.0 | 12.0 | 345.59999999999997 | 3362.6879999999996 | 
44467.0 | 08:00:00 |  | 0.0 | 12.0 | 0.0 | 3362.6879999999996 | 
 | 20:00:00 | 120.0 | 60.0 | 12.0 | 259.2 | 3621.8879999999995 | 
44467.0 | 08:00:00 | 70.0 | 95.0 | 12.0 | 410.4 | 4032.2879999999996 | 
 | 20:00:00 | 60.0 | 65.0 | 12.0 | 280.8 | 4313.088 | 
44468.0 | 08:00:00 | 35.0 | 47.5 | 12.0 | 205.2 | 4518.288 | 
 | 20:00:00 | 25.0 | 30.0 | 12.0 | 129.6 | 4647.888 | 
44469.0 | 08:00:00 | 25.0 | 25.0 | 12.0 | 108.0 | 4755.888 | 
 | 20:00:00 | 25.0 | 25.0 | 12.0 | 108.0 | 4863.888 | 
44470.0 | 08:00:00 | 25.0 | 25.0 | 12.0 | 108.0 | 4971.888 | 4971.888
 | 20:00:00 | 23.0 | 24.0 | 12.0 | 103.67999999999999 | 5075.568 | 
44471.0 | 08:00:00 | 23.0 | 23.0 | 12.0 | 99.36 | 5174.928 | 
 | 20:00:00 | 23.0 | 23.0 | 12.0 | 99.36 | 5274.288 | 
44472.0 | 08:00:00 | 23.0 | 23.0 | 12.0 | 99.36 | 5373.647999999999 | 
 | 20:00:00 | 200.0 | 111.5 | 12.0 | 481.68 | 5855.3279999999995 | 
44473.0 | 04:00:00 | 180.0 | 190.0 | 8.0 | 547.1999999999999 | 6402.527999999999 | 
 | 08:00:00 | 150.0 | 165.0 | 4.0 | 237.6 | 6640.128 | 
 | 10:00:00 | 150.0 | 150.0 | 2.0 | 108.0 | 6748.128 | 
 | 16:00:00 | 180.0 | 165.0 | 4.0 | 237.6 | 6985.728 | 
 | 20:00:00 | 180.0 | 180.0 | 4.0 | 259.2 | 7244.928 | 
44474.0 | 08:00:00 | 220.0 | 200.0 | 12.0 | 864.0 | 8108.928 | 
 | 10:00:00 | 240.0 | 230.0 | 2.0 | 165.6 | 8274.528 | 
 | 12:00:00 | 240.0 | 240.0 | 2.0 | 172.79999999999998 | 8447.328 | 
 | 20:00:00 | 260.0 | 250.0 | 8.0 | 720.0 | 9167.328 | 
44475.0 | 08:00:00 | 260.0 | 260.0 | 12.0 | 1123.2 | 10290.528 | 
 | 20:00:00 | 260.0 | 260.0 | 12.0 | 1123.2 | 11413.728000000001 | 
44476.0 | 08:00:00 | 240.0 | 250.0 | 12.0 | 1080.0 | 12493.728000000001 | 
 | 20:00:00 | 110.0 | 175.0 | 12.0 | 756.0 | 13249.728000000001 | 
 | 22:00:00 | 110.0 | 110.0 | 2.0 | 79.2 | 13328.928000000002 | 
44477.0 | 04:00:00 | 110.0 | 110.0 | 6.0 | 237.6 | 13566.528000000002 | 
 | 06:00:00 | 100.0 | 105.0 | 2.0 | 75.6 | 13642.128000000002 | 
 | 08:00:00 | 98.0 | 99.0 | 2.0 | 71.28 | 13713.408000000003 | 
 | 10:00:00 | 95.0 | 96.5 | 2.0 | 69.48 | 13782.888000000003 | 
 | 12:00:00 | 95.0 | 95.0 | 2.0 | 68.39999999999999 | 13851.288000000002 | 
 | 14:00:00 | 70.0 | 82.5 | 2.0 | 59.4 | 13910.688000000002 | 
44478.0 | 18:00:00 | 70.0 | 70.0 | 28.0 | 705.6 | 14616.288000000002 | 
 | 20:00:00 | 80.0 | 75.0 | 2.0 | 54.0 | 14670.288000000002 | 
 | 22:00:00 | 80.0 | 80.0 | 2.0 | 57.599999999999994 | 14727.888000000003 | 
44479.0 | 08:00:00 | 70.0 | 75.0 | 10.0 | 270.0 | 14997.888000000003 | 
 | 20:00:00 | 70.0 | 70.0 | 12.0 | 302.4 | 15300.288000000002 | 
44480.0 | 08:00:00 | 70.0 | 70.0 | 12.0 | 302.4 | 15602.688000000002 | 
 | 20:00:00 | 25.0 | 47.5 | 12.0 | 205.2 | 15807.888000000003 | 
44481.0 | 08:00:00 | 25.0 | 25.0 | 12.0 | 108.0 | 15915.888000000003 | 
 | 10:00:00 | 20.0 | 22.5 | 2.0 | 16.2 | 15932.088000000003 | 
 | 12:00:00 | 20.0 | 20.0 | 2.0 | 14.399999999999999 | 15946.488000000003 | 
 | 14:00:00 | 22.0 | 21.0 | 2.0 | 15.12 | 15961.608000000004 | 
 | 20:00:00 | 22.0 | 22.0 | 6.0 | 47.519999999999996 | 16009.128000000004 | 
44482.0 | 1900-01-01 | 22.0 | 22.0 | 4.0 | 31.68 | 16040.808000000005 | 
 | 02:00:00 | 20.0 | 21.0 | 2.0 | 15.12 | 16055.928000000005 | 
 | 04:00:00 | 20.0 | 20.0 | 2.0 | 14.399999999999999 | 16070.328000000005 | 
 | 06:00:00 | 15.0 | 17.5 | 2.0 | 12.6 | 16082.928000000005 | 
 | 08:00:00 | 13.0 | 14.0 | 2.0 | 10.08 | 16093.008000000005 | 
 | 20:00:00 | 13.0 | 13.0 | 12.0 | 56.16 | 16149.168000000005 | 
44483.0 | 1900-01-01 | 13.0 | 13.0 | 4.0 | 18.72 | 16167.888000000004 | 
 | 02:00:00 | 14.0 | 13.5 | 2.0 | 9.719999999999999 | 16177.608000000004 | 
 | 04:00:00 | 14.0 | 14.0 | 2.0 | 10.08 | 16187.688000000004 | 
 | 06:00:00 | 15.0 | 14.5 | 2.0 | 10.44 | 16198.128000000004 | 
15.0 | 08:00:00 | 15.0 | 15.0 | 2.0 | 10.799999999999999 | 16208.928000000004 | 
 | 20:00:00 | 15.0 | 15.0 | 12.0 | 64.8 | 16273.728000000003 | 
16.0 | 08:00:00 | 12.0 | 13.5 | 12.0 | 58.32 | 16332.048000000003 | 
 | 10:00:00 | 10.5 | 11.25 | 2.0 | 8.1 | 16340.148000000003 | 
 | 20:00:00 | 10.5 | 10.5 | 10.0 | 37.8 | 16377.948000000002 | 
17.0 | 08:00:00 | 10.5 | 10.5 | 12.0 | 45.36 | 16423.308 | 
 | 20:00:00 | 10.5 | 10.5 | 12.0 | 45.36 | 16468.668 | 
18.0 | 08:00:00 | 10.5 | 10.5 | 12.0 | 45.36 | 16514.028000000002 | 
 | 20:00:00 | 10.0 | 10.25 | 12.0 | 44.28 | 16558.308 | 
19.0 | 1900-01-02 08:00:00 | 10.0 | 10.0 | 12.0 | 43.199999999999996 | 16601.508 | 
 | 1900-01-02 20:00:00 | 10.0 | 10.0 | 12.0 | 43.199999999999996 | 16644.708000000002 | 
20.0 | 1900-01-03 08:00:00 | 10.0 | 10.0 | 12.0 | 43.199999999999996 | 16687.908000000003 | 
 | 1900-01-03 20:00:00 | 10.0 | 10.0 | 12.0 | 43.199999999999996 | 16731.108000000004 | 
21.0 | 1900-01-04 08:00:00 | 10.0 | 10.0 | 12.0 | 43.199999999999996 | 16774.308000000005 | 
 | 1900-01-04 20:00:00 | 10.0 | 10.0 | 12.0 | 43.199999999999996 | 16817.508000000005 | 
22.0 | 1900-01-05 08:00:00 | 10.0 | 10.0 | 12.0 | 43.199999999999996 | 16860.708000000006 | 
 | 1900-01-05 20:00:00 | 8.0 | 9.0 | 12.0 | 38.879999999999995 | 16899.588000000007 | 
23.0 | 1900-01-06 08:00:00 | 8.0 | 8.0 | 12.0 | 34.56 | 16934.14800000001 | 
 | 1900-01-06 20:00:00 | 8.0 | 8.0 | 12.0 | 34.56 | 16968.70800000001 | 
24.0 | 1900-01-07 08:00:00 | 8.0 | 8.0 | 12.0 | 34.56 | 17003.26800000001 | 
 | 1900-01-07 20:00:00 | 8.0 | 8.0 | 12.0 | 34.56 | 17037.828000000012 | 
25.0 | 1900-01-08 08:00:00 | 8.0 | 8.0 | 12.0 | 34.56 | 17072.388000000014 | 
 | 1900-01-08 20:00:00 | 8.0 | 8.0 | 12.0 | 34.56 | 17106.948000000015 | 
26.0 | 1900-01-09 08:00:00 | 8.0 | 8.0 | 12.0 | 34.56 | 17141.508000000016 | 
 | 1900-01-09 20:00:00 | 3.0 | 5.5 | 12.0 | 23.759999999999998 | 17165.268000000015 | 
27.0 | 1900-01-10 08:00:00 | 2.0 | 2.5 | 12.0 | 10.799999999999999 | 17176.068000000014 | 
 | 1900-01-10 20:00:00 | 2.0 | 2.0 | 12.0 | 8.64 | 17184.708000000013 | 
28.0 | 1900-01-11 08:00:00 | 2.0 | 2.0 | 12.0 | 8.64 | 17193.348000000013 | 
 | 1900-01-11 20:00:00 | 2.5 | 2.25 | 12.0 | 9.719999999999999 | 17203.068000000014 | 
29.0 | 1900-01-12 08:00:00 | 1.5 | 2.0 | 12.0 | 8.64 | 17211.708000000013 | 
 | 1900-01-12 20:00:00 | 1.5 | 1.5 | 12.0 | 6.4799999999999995 | 17218.188000000013 | 
30.0 | 1900-01-13 08:00:00 | 1.5 | 1.5 | 12.0 | 6.4799999999999995 | 17224.668000000012 | 
 | 1900-01-13 20:00:00 | 1.5 | 1.5 | 12.0 | 6.4799999999999995 | 17231.148000000012 | 
44501.0 | 1900-01-14 08:00:00 | 1.5 | 1.5 | 12.0 | 6.4799999999999995 | 17237.62800000001 | 12265.740000000013
 | 1900-01-14 20:00:00 | 1.5 | 1.5 | 12.0 | 6.4799999999999995 | 17244.10800000001 | 
2.0 | 1900-01-15 08:00:00 | 1.5 | 1.5 | 12.0 | 6.4799999999999995 | 17250.58800000001 | 
 | 1900-01-15 20:00:00 | 1.5 | 1.5 | 12.0 | 6.4799999999999995 | 17257.06800000001 | 
3.0 | 1900-01-16 08:00:00 | 2.5 | 2.0 | 12.0 | 8.64 | 17265.70800000001 | 
 | 1900-01-16 20:00:00 | 3.0 | 2.75 | 12.0 | 11.879999999999999 | 17277.58800000001 | 
4.0 | 1900-01-17 08:00:00 | 4.0 | 3.5 | 12.0 | 15.12 | 17292.70800000001 | 
 | 1900-01-17 20:00:00 | 3.5 | 3.75 | 12.0 | 16.2 | 17308.90800000001 | 
5.0 | 1900-01-18 08:00:00 | 3.5 | 3.5 | 12.0 | 15.12 | 17324.02800000001 | 
 | 1900-01-18 20:00:00 |  |  |  |  |  | 
6.0 | 1900-01-19 08:00:00 |  |  |  |  |  | 
 | 1900-01-19 20:00:00 |  |  |  |  |  | 
7.0 | 1900-01-20 08:00:00 |  |  |  |  |  | 
 | 1900-01-20 20:00:00 |  |  |  |  |  | 
8.0 | 1900-01-21 08:00:00 |  |  |  |  |  | 
 | 1900-01-21 20:00:00 |  |  |  |  |  | 
9.0 | 1900-01-22 08:00:00 |  |  |  |  |  | 
9-10月份岔口断面共计弃水量1.72亿立方米。其中9月份弃水量4972万方，9月24-26日8时强降雨过程弃水量3225万方；10月份弃水量1.22亿立方米。至10月30日，岔口断面全年弃水190天，弃水量1.83亿立方米。 |  |  |  |  |  |  | 