===== Sheet: 入库洪水 (35行) =====
柳林断面流量统计表(“20100813”洪水) |  |  |  |  |  |  |  |  |  | 
日期 | 报汛时间 | 库水位 | 库容 | 流量 | 平均流量 | 历时 | 时段水量 | 洪水总量 | 2日洪量 | 依据库容反推的洪量
40402.0 | 20:00:00 | 784.6 | 3042.0 | 14.7 |  |  |  |  |  | 
13日 | 04:00:00 | 784.73 | 3071.0 | 100.0 | 57.35 | 8.0 | 165.168 | 165.168 |  | 
 | 05:00:00 | 784.94 | 3117.0 |  |  |  |  |  |  | 
 | 05:53:00 | 785.12 | 3159.0 | 260.0 | 180.0 | 1.88 | 121.82399999999998 | 286.99199999999996 |  | 
 | 06:10:00 | 785.23 | 3185.0 |  |  |  |  |  |  | 
 | 06:14:00 |  |  | 310.0 | 285.0 | 0.35 | 35.91 | 322.90199999999993 |  | 
 | 07:00:00 | 785.64 | 3284.0 |  |  |  |  |  |  | 
 | 07:10:00 | 785.72 | 3303.0 |  |  |  |  |  |  | 
 | 07:20:00 | 785.82 | 3327.0 |  |  |  |  |  |  | 
 | 07:30:00 | 785.9 | 3346.0 |  |  |  |  |  |  | 
 | 07:35:00 |  |  | 280.0 | 295.0 | 1.35 | 143.37 | 466.27199999999993 |  | 
 | 08:00:00 | 786.11 | 3395.3 | 258.0 | 269.0 | 0.42 | 40.672799999999995 | 506.94479999999993 |  | 
 | 09:00:00 | 786.44 | 3471.0 |  |  |  |  |  |  | 
 | 10:00:00 | 786.6 | 3508.0 | 170.0 | 214.0 | 2.0 | 154.07999999999998 | 661.0247999999999 |  | 
 | 11:00:00 | 786.71 | 3533.0 | 154.0 | 162.0 | 1.0 |  | 661.0247999999999 |  | 
 | 11:50:00 | 786.77 | 3547.0 |  |  |  |  |  |  | 
 | 12:00:00 |  |  | 134.0 | 144.0 | 1.0 | 51.839999999999996 | 712.8648 |  | 
 | 12:30:00 | 786.8 | 3554.0 |  |  |  |  |  |  | 
 | 14:00:00 | 786.86 | 3567.8 | 108.0 | 121.0 | 2.0 | 87.11999999999999 | 799.9848 |  | 
 | 15:00:00 | 786.87 | 3570.1 | 100.0 | 104.0 | 1.0 | 37.44 | 837.4248 |  | 
 | 16:00:00 | 786.87 | 3570.0 | 97.8 | 98.9 | 1.0 | 35.604 | 873.0288 |  | 
 | 19:00:00 | 786.87 | 3570.0 | 77.6 | 87.69999999999999 | 3.0 | 94.71599999999998 | 967.7448 |  | 
 | 20:00:00 | 786.81 | 3556.0 | 66.0 | 71.8 | 1.0 | 25.848 | 993.5928 |  | 
 | 22:00:00 | 786.75 | 3542.0 | 60.0 | 63.0 | 2.0 | 45.36 | 1038.9528 |  | 
 | 23:52:00 |  |  | 55.0 | 57.5 | 1.87 | 38.709 | 1077.6618 |  | 
14日 | 1900-01-01 | 786.67 | 3526.0 |  |  |  |  |  |  | 
 | 08:00:00 | 786.45 | 3474.0 | 49.0 | 52.0 | 8.13 | 152.1936 | 1229.8554000000001 |  | 
 | 10:00:00 | 786.4 | 3462.0 | 36.0 | 42.5 | 2.0 | 30.599999999999998 | 1260.4554 |  | 
 | 13:00:00 | 786.24 | 3425.0 | 36.0 | 36.0 | 3.0 | 38.879999999999995 | 1299.3354 |  | 
 | 17:00:00 | 786.12 | 3398.0 | 30.0 | 33.0 | 4.0 | 47.519999999999996 | 1346.8554 |  | 
 | 20:00:00 | 786.03 | 3377.0 | 36.0 | 33.0 | 3.0 | 35.64 | 1382.4954 | 1382.0 | 1443.0
===== Sheet: 下泄水量 (95行) =====
桃曲坡水库泄水过程(20100813洪水) |  |  |  |  |  |  |  | 
日期 | 时间 | 下泄流量 |  |  | 平均流量 | 历时(小时) | 泄水量 | 累计泄水量
 |  | 低洞 | 溢洪道 | 小计 |  |  |  | 
40403.0 | 04:40:00 | 30.0 |  | 30.0 |  |  |  | 
 | 05:20:00 | 50.0 |  | 50.0 | 30.0 | 0.67 | 7.236000000000001 | 7.236000000000001
 | 07:10:00 | 80.0 |  | 80.0 | 50.0 | 1.83 | 32.94 | 40.176
 | 08:00:00 | 80.0 |  | 80.0 | 80.0 | 0.83 | 23.903999999999996 | 64.08
 | 10:00:00 | 80.0 |  | 80.0 | 80.0 | 2.0 | 57.599999999999994 | 121.67999999999999
 | 12:00:00 | 80.0 |  | 80.0 | 80.0 | 2.0 | 57.599999999999994 | 179.27999999999997
 | 14:00:00 | 80.0 |  | 80.0 | 80.0 | 2.0 | 57.599999999999994 | 236.87999999999997
 | 15:00:00 | 80.0 |  | 80.0 | 80.0 | 1.0 | 28.799999999999997 | 265.67999999999995
 | 16:00:00 | 80.0 |  | 80.0 | 80.0 | 1.0 | 28.799999999999997 | 294.47999999999996
 | 17:00:00 | 80.0 |  | 80.0 | 80.0 | 1.0 | 28.799999999999997 | 323.28
 | 22:00:00 | 80.0 |  | 80.0 | 80.0 | 5.0 | 144.0 | 467.28
 | 23:00:00 | 80.0 |  | 80.0 | 80.0 | 1.0 | 28.799999999999997 | 496.08
40404.0 | 1900-01-01 | 80.0 |  | 80.0 | 80.0 | 1.0 | 28.799999999999997 | 524.88
 | 02:48:00 | 50.0 |  | 50.0 | 80.0 | 2.8 | 80.64 | 605.52
 | 03:00:00 | 50.0 |  | 50.0 | 50.0 | 0.2 | 3.5999999999999996 | 609.12
 | 04:00:00 | 50.0 |  | 50.0 | 50.0 | 1.0 | 18.0 | 627.12
 | 09:50:00 | 10.0 | 40.0 | 50.0 | 50.0 | 5.83 | 104.94 | 732.06
 | 14:00:00 | 50.0 | 0.0 | 50.0 | 50.0 | 4.17 | 75.06 | 807.1199999999999
 | 20:00:00 | 50.0 |  | 50.0 | 50.0 | 6.0 | 108.0 | 915.1199999999999
 | 22:16:00 | 30.0 |  | 30.0 | 50.0 | 2.27 | 40.86 | 955.9799999999999
40405.0 | 08:00:00 | 30.0 |  | 30.0 | 30.0 | 9.73 | 105.084 | 1061.0639999999999
 | 12:30:00 | 5.0 | 20.0 | 25.0 | 30.0 | 4.5 | 48.6 | 1109.6639999999998
 | 13:30:00 | 5.0 | 20.0 | 25.0 | 25.0 | 1.0 | 9.0 | 1118.6639999999998
 | 20:00:00 | 5.0 | 20.0 | 25.0 | 25.0 | 6.5 | 58.5 | 1177.1639999999998
40406.0 | 1900-01-01 | 5.0 | 20.0 | 25.0 | 25.0 | 4.0 | 36.0 | 1213.1639999999998
 | 08:00:00 | 5.0 | 20.0 | 25.0 | 25.0 | 8.0 | 72.0 | 1285.1639999999998
 | 11:30:00 | 5.0 | 5.0 | 10.0 | 25.0 | 3.5 | 31.5 | 1316.6639999999998
 | 18:40:00 | 5.0 | 15.0 | 20.0 | 10.0 | 7.17 | 25.812 | 1342.4759999999997
 | 20:00:00 | 5.0 | 15.0 | 20.0 | 20.0 | 1.33 | 9.576 | 1352.0519999999997
40407.0 | 08:00:00 | 5.0 | 15.0 | 20.0 | 20.0 | 12.0 | 86.39999999999999 | 1438.4519999999998
 | 10:40:00 | 5.0 | 25.0 | 30.0 | 20.0 | 2.67 | 19.224 | 1457.6759999999997
 | 13:40:00 | 5.0 | 0.0 | 5.0 | 30.0 | 3.0 | 32.4 | 1490.0759999999998
 | 17:40:00 | 5.0 | 25.0 | 30.0 | 5.0 | 4.0 | 7.199999999999999 | 1497.2759999999998
40408.0 | 1900-01-08 | 5.0 | 25.0 | 30.0 | 30.0 | 6.33 | 68.364 | 1565.6399999999999
 | 09:00:00 | 0.0 | 0.0 | 0.0 | 30.0 | 9.0 | 97.2 | 1662.84
40408.0 | 14:10:00 | 5.0 | 25.0 | 30.0 |  |  |  | 1662.84
 | 20:00:00 | 5.0 | 25.0 | 30.0 | 30.0 | 5.83 | 62.964 | 1725.8039999999999
40409.0 | 1900-01-08 | 5.0 | 25.0 | 30.0 | 30.0 | 4.0 | 43.199999999999996 | 1769.004
 | 08:00:00 | 5.0 | 25.0 | 30.0 | 30.0 | 8.0 | 86.39999999999999 | 1855.404
 | 12:00:00 | 5.0 | 0.0 | 5.0 | 30.0 | 4.0 | 43.199999999999996 | 1898.604
 | 14:00:00 | 5.0 | 20.0 | 25.0 | 5.0 | 2.0 | 3.5999999999999996 | 1902.204
40410.0 | 1900-01-01 | 5.0 | 20.0 | 25.0 | 25.0 | 10.0 | 90.0 | 1992.204
 | 08:00:00 | 5.0 | 20.0 | 25.0 | 25.0 | 8.0 | 72.0 | 2064.2039999999997
 | 09:30:00 | 15.0 | 0.0 | 15.0 | 25.0 | 1.5 | 13.5 | 2077.7039999999997
 | 20:00:00 | 15.0 | 0.0 | 15.0 | 15.0 | 10.5 | 56.699999999999996 | 2134.4039999999995
 | 23:32:00 | 30.0 | 0.0 | 30.0 | 15.0 | 3.53 | 19.061999999999998 | 2153.4659999999994
40411.0 | 08:00:00 | 15.0 | 0.0 | 15.0 | 30.0 | 8.47 | 91.476 | 2244.9419999999996
 | 22:00:00 | 15.0 | 0.0 | 15.0 | 15.0 | 14.0 | 75.6 | 2320.5419999999995
40412.0 | 08:00:00 | 15.0 | 0.0 | 15.0 | 15.0 | 10.0 | 54.0 | 2374.5419999999995
40413.0 | 08:00:00 | 15.0 | 0.0 | 15.0 | 15.0 | 24.0 | 129.6 | 2504.1419999999994
 | 13:00:00 | 30.0 | 0.0 | 30.0 | 15.0 | 5.0 | 27.0 | 2531.1419999999994
 | 21:00:00 | 60.0 | 10.0 | 70.0 | 30.0 | 8.0 | 86.39999999999999 | 2617.5419999999995
40414.0 | 08:00:00 | 60.0 | 10.0 | 70.0 | 70.0 | 11.0 | 277.2 | 2894.7419999999993
 | 09:20:00 | 10.0 | 40.0 | 50.0 | 70.0 | 1.33 | 33.516000000000005 | 2928.2579999999994
 | 11:00:00 | 0.0 | 0.0 | 0.0 | 50.0 | 1.67 | 30.06 | 2958.3179999999993
40415.0 | 14:00:00 | 20.0 | 0.0 | 20.0 |  |  |  | 
40416.0 | 17:00:00 | 30.0 | 0.0 | 30.0 | 20.0 | 23.0 | 165.6 | 3123.917999999999
40417.0 | 08:00:00 | 30.0 | 0.0 | 30.0 | 30.0 | 15.0 | 162.0 | 3285.917999999999
 | 20:00:00 | 15.0 | 0.0 | 15.0 | 30.0 | 12.0 | 129.6 | 3415.517999999999
40418.0 | 10:00:00 | 10.0 | 0.0 | 10.0 | 15.0 | 14.0 | 75.6 | 3491.117999999999
40420.0 | 17:00:00 | 0.0 | 10.0 | 10.0 | 10.0 | 55.0 | 198.0 | 3689.117999999999
40421.0 | 07:00:00 | 0.0 | 30.0 | 30.0 | 10.0 | 14.0 | 50.4 | 3739.517999999999
 | 12:00:00 | 0.0 | 10.0 | 10.0 | 30.0 | 5.0 | 54.0 | 3793.517999999999
 | 20:00:00 | 5.0 | 0.0 | 5.0 | 10.0 | 8.0 | 28.799999999999997 | 3822.3179999999993
40422.0 | 09:00:00 | 5.0 | 0.0 | 5.0 | 5.0 | 13.0 | 23.4 | 3845.7179999999994
40426.0 | 22:00:00 | 15.0 | 0.0 | 15.0 |  |  |  | 
40427.0 | 08:00:00 | 15.0 | 0.0 | 15.0 | 15.0 | 10.0 | 54.0 | 3899.7179999999994
40428.0 | 08:00:00 | 15.0 | 0.0 | 15.0 | 15.0 | 24.0 | 129.6 | 4029.3179999999993
40429.0 | 08:00:00 | 15.0 | 0.0 | 15.0 | 15.0 | 24.0 | 129.6 | 4158.918
 | 16:00:00 | 15.0 | 0.0 | 15.0 | 15.0 | 8.0 | 43.199999999999996 | 4202.1179999999995
40430.0 | 08:00:00 | 10.0 | 0.0 | 10.0 | 15.0 | 16.0 | 86.39999999999999 | 4288.517999999999
40431.0 | 08:00:00 | 10.0 | 0.0 | 10.0 | 10.0 | 24.0 | 86.39999999999999 | 4374.917999999999
40432.0 | 08:00:00 | 10.0 | 0.0 | 10.0 | 10.0 | 24.0 | 86.39999999999999 | 4461.317999999998
 | 09:00:00 | 5.0 | 0.0 | 5.0 | 10.0 | 1.0 | 3.5999999999999996 | 4464.917999999999
40433.0 | 08:00:00 | 5.0 | 0.0 | 5.0 | 5.0 | 23.0 | 41.4 | 4506.317999999998
40434.0 | 08:00:00 | 5.0 | 0.0 | 5.0 | 5.0 | 24.0 | 43.199999999999996 | 4549.517999999998
40435.0 | 09:20:00 | 15.0 | 0.0 | 5.0 | 5.0 | 1.3 | 2.34 | 4551.857999999998
40435.0 | 10:20:00 | 30.0 | 0.0 | 15.0 | 15.0 | 1.0 | 5.3999999999999995 | 4557.257999999998
40436.0 | 09:00:00 | 30.0 | 0.0 | 30.0 | 30.0 | 22.7 | 245.16 | 4802.417999999998
备注：1、7月24日——8月12日20时桃曲坡水库下泄水量1355万m3（弃：255万m3）；2、8月12日20时——9月15日9：00时下泄水量4802.42万m3，全部弃掉。两次总计下泄水量6157.42万m3（其中弃水为5057.42万m3，用于灌溉水量为1100万m3） |  |  |  |  |  |  |  | 
 |  |  |  |  |  |  |  | 5057.417999999998
===== Sheet: Chart1 (21行) =====
14.7
100.0
260.0
310.0
280.0
258.0
170.0
154.0
134.0
108.0
100.0
97.8
77.6
66.0
60.0
55.0
49.0
36.0
36.0
30.0
36.0
===== Sheet: Sheet1 (0行) =====
===== Sheet: Sheet3 (21行) =====
40402.0 | 20:00:00 | 14.7
13日 | 04:00:00 | 100.0
 | 05:53:00 | 260.0
 | 06:14:00 | 310.0
 | 07:35:00 | 280.0
 | 08:00:00 | 258.0
 | 10:00:00 | 170.0
 | 11:00:00 | 154.0
 | 12:00:00 | 134.0
 | 14:00:00 | 108.0
 | 15:00:00 | 100.0
 | 16:00:00 | 97.8
 | 19:00:00 | 77.6
 | 20:00:00 | 66.0
 | 22:00:00 | 60.0
 | 23:52:00 | 55.0
14日 | 08:00:00 | 49.0
 | 10:00:00 | 36.0
 | 13:00:00 | 36.0
 | 17:00:00 | 30.0
 | 20:00:00 | 36.0