===== Sheet: 入库洪水 (25行) =====
柳林断面流量统计表(“20110729”洪水) |  |  |  |  |  |  |  |  |  | 
万立米 |  |  |  |  |  |  |  |  |  | 
日期 | 报汛时间 | 库水位 | 库容 | 流量 | 平均流量 | 历时 | 时段水量 | 洪水总量 | 2日洪量 | 依据库容反推的洪量
40752.0 | 20:00:00 | 772.22 | 820.8 | 0.385 |  |  |  |  |  | 
 | 03:30:00 |  |  | 11.0 | 5.6925 | 7.5 | 15.36975 | 15.36975 |  | 
29日 | 04:00:00 | 772.28 | 829.2 | 75.0 | 43.0 | 0.5 | 7.739999999999999 | 23.10975 |  | 
 | 04:30:00 | 772.35 | 839.0 | 115.0 | 95.0 | 0.5 | 17.099999999999998 | 40.20975 |  | 
 | 05:00:00 | 772.74 | 893.6 | 217.0 | 166.0 | 0.5 | 29.88 | 70.08975 |  | 
 | 05:10:00 | 772.91 | 917.4 | 397.0 | 307.0 | 0.17 | 18.7884 | 88.87814999999999 |  | 
 | 05:30:00 | 773.14 | 946.8 | 231.0 | 224.0 | 0.33 | 26.6112 | 115.48934999999999 |  | 
 | 06:24:00 |  |  | 159.0 | 195.0 | 0.9 | 63.18 | 178.66934999999998 |  | 
 | 07:00:00 | 773.92 | 1057.2 | 81.8 | 120.4 | 0.6 | 26.006399999999996 | 204.67574999999997 |  | 
 | 12:30:00 |  |  | 60.2 | 71.0 | 5.5 | 140.57999999999998 | 345.2557499999999 |  | 
 | 14:00:00 | 775.06 | 1224.0 | 42.9 | 51.55 | 1.5 | 27.836999999999996 | 373.0927499999999 |  | 
 | 18:00:00 | 775.43 | 1279.5 | 39.1 | 41.0 | 4.0 | 59.04 | 432.13274999999993 |  | 
 | 20:00:00 | 775.52 | 1293.4 | 31.8 | 35.45 | 2.0 | 25.524 | 457.65674999999993 |  | 
 | 20:30:00 |  |  | 26.8 | 29.3 | 0.5 | 5.274 | 462.93074999999993 |  | 
30日 | 08:00:00 | 775.83 | 1346.1 | 16.8 | 21.8 | 11.5 | 90.25200000000001 | 553.1827499999999 |  | 
 | 20:00:00 | 775.8 | 1341.0 | 10.6 | 13.7 | 12.0 | 59.18399999999999 | 612.3667499999999 | 659.0 | 694.5
合计 | 659.2111024999999 |  |  |  |  |  |  |  |  | 
备注：流域面雨量为 104.2  mm，产流系数为 0.14 。 |  |  |  |  |  |  |  |  |  | 
===== Sheet: 下泄水量 (47行) =====
桃曲坡水库泄水过程(20110729洪水) |  |  |  |  |  |  |  |  |  | 
日期 | 时间 | 库水位 | 库容 | 下泄流量 |  |  | 平均流量 | 历时(小时) | 泄水量 | 累计泄水量
 |  |  |  | 低洞 | 高洞 | 小计 |  |  |  | 
40388.0 | 06:30:00 | 773.69 | 1020.4 |  | 3.0 | 3.0 |  |  |  | 
 | 06:40:00 | 773.78 | 1034.8 |  | 3.0 | 3.0 | 3.0 | 0.17 | 0.18359999999999999 | 0.18359999999999999
 | 06:50:00 | 773.86 | 1047.6 |  | 3.0 | 3.0 | 3.0 | 0.17 | 0.18359999999999999 | 0.36719999999999997
 | 07:00:00 | 773.92 | 1057.2 |  | 3.0 | 3.0 | 3.0 | 0.17 | 0.18359999999999999 | 0.5508
 | 07:10:00 | 773.97 | 1065.2 |  | 3.0 | 3.0 | 3.0 | 0.17 | 0.18359999999999999 | 0.7343999999999999
 | 07:20:00 | 774.03 | 1074.2 |  | 3.0 | 3.0 | 3.0 | 0.17 | 0.18359999999999999 | 0.9179999999999999
 | 07:30:00 | 774.07 | 1079.8 | 5.0 | 3.0 | 8.0 | 3.0 | 0.17 | 0.18359999999999999 | 1.1016
 | 07:40:00 | 774.13 | 1088.2 | 5.0 | 3.0 | 8.0 | 8.0 | 0.17 | 0.48960000000000004 | 1.5912
 | 07:50:00 | 774.17 | 1093.8 | 5.0 | 3.0 | 8.0 | 8.0 | 0.17 | 0.48960000000000004 | 2.0808
 | 08:00:00 | 774.21 | 1099.4 | 10.0 | 3.0 | 13.0 | 8.0 | 0.17 | 0.48960000000000004 | 2.5704000000000002
 | 08:10:00 | 774.26 | 1106.4 | 10.0 | 3.0 | 13.0 | 13.0 | 0.17 | 0.7956 | 3.366
 | 08:20:00 | 774.28 | 1109.2 | 10.0 | 3.0 | 13.0 | 13.0 | 0.17 | 0.7956 | 4.1616
 | 08:30:00 | 774.31 | 1113.4 | 10.0 | 3.0 | 13.0 | 13.0 | 0.17 | 0.7956 | 4.9572
 | 09:00:00 | 774.4 | 1126.0 | 10.0 | 3.0 | 13.0 | 13.0 | 0.5 | 2.34 | 7.2972
 | 09:30:00 | 774.48 | 1137.2 | 10.0 | 3.0 | 13.0 | 13.0 | 0.5 | 2.34 | 9.6372
 | 10:00:00 | 774.54 | 1146.0 | 10.0 | 3.0 | 13.0 | 13.0 | 0.5 | 2.34 | 11.9772
 | 10:30:00 | 774.63 | 1159.5 | 10.0 | 3.0 | 13.0 | 13.0 | 0.5 | 2.34 | 14.3172
 | 11:00:00 | 774.7 | 1170.0 | 10.0 | 3.0 | 13.0 | 13.0 | 0.5 | 2.34 | 16.6572
 | 11:30:00 | 774.75 | 1177.5 | 10.0 | 3.0 | 13.0 | 13.0 | 0.5 | 2.34 | 18.9972
 | 12:00:00 | 774.84 | 1193.0 | 10.0 | 3.0 | 13.0 | 13.0 | 0.5 | 2.34 | 21.3372
 | 13:00:00 | 774.94 | 1206.0 | 10.0 | 3.0 | 13.0 | 13.0 | 1.0 | 4.68 | 26.0172
 | 14:00:00 | 775.06 | 1224.0 | 10.0 | 3.0 | 13.0 | 13.0 | 1.0 | 4.68 | 30.6972
 | 15:00:00 | 775.17 | 1240.5 | 10.0 | 3.0 | 13.0 | 13.0 | 1.0 | 4.68 | 35.3772
 | 16:00:00 | 775.29 | 1258.5 | 10.0 | 3.0 | 13.0 | 13.0 | 1.0 | 4.68 | 40.0572
 | 18:00:00 | 775.43 | 1279.5 | 10.0 | 3.0 | 13.0 | 13.0 | 2.0 | 9.36 | 49.4172
 | 20:00:00 | 775.52 | 1293.4 | 10.0 | 3.0 | 13.0 | 13.0 | 2.0 | 9.36 | 58.7772
40389.0 | 00:00:00 | 775.67 | 1318.9 | 10.0 | 1.0 | 11.0 | 13.0 | 4.0 | 18.72 | 77.49719999999999
 | 07:10:00 |  |  | 13.0 | 1.5 | 14.5 | 11.0 | 7.17 | 28.3932 | 105.8904
 | 08:00:00 | 775.83 | 1346.1 | 13.0 | 1.5 | 14.5 | 14.5 | 0.83 | 4.3326 | 110.223
 | 12:00:00 | 775.85 | 1349.5 | 13.0 | 1.5 | 14.5 | 14.5 | 4.0 | 20.88 | 131.103
 | 16:00:00 |  |  | 14.5 | 1.0 | 15.5 | 14.5 | 4.0 | 20.88 | 151.983
 | 20:00:00 | 775.8 | 1341.0 | 14.5 | 1.0 | 15.5 | 15.5 | 4.0 | 22.32 | 174.303
40755.0 | 08:00:00 | 775.64 | 1313.8 | 14.5 | 1.0 | 15.5 | 15.5 | 12.0 | 66.96 | 241.26299999999998
 | 20:00:00 | 775.45 | 1282.5 | 14.5 | 1.0 | 15.5 | 15.5 | 12.0 | 66.96 | 308.22299999999996
40756.0 | 08:00:00 | 775.25 | 1252.5 | 14.5 | 1.0 | 15.5 | 15.5 | 12.0 | 66.96 | 375.18299999999994
 | 20:00:00 |  |  |  |  |  | 15.5 |  |  | 
备注：泄水全部用于农业灌溉。 |  |  |  |  |  |  |  |  |  | 
===== Sheet: Sheet1 (26行) =====
“7.29”洪水流域各雨量站日降雨量统计表 |  |  |  |  |  |  | 
 |  |  |  |  |  | mm | 
时间 | 柳林 | 瑶曲 | 庙湾 | 马栏 | 枢纽 | 红星 | 尚书
28日17时-29日8时 | 101.2 | 121.0 | 109.2 | 57.9 | 32.7 | 4.8 | 5.3
29日8时-30日8时 | 18.0 |  | 24.4 |  | 11.9 |  | 
30日8时-31日8时 |  |  | 0.0 |  |  |  | 
31日 |  |  | 8.2 |  |  |  | 
“7.29”洪水预报值 |  |  |  |  |  |  | 
 | 柳林 | 瑶曲 | 庙湾 | 枢纽 |  |  | 
各站点降雨（29日8时） | 101.2 | 121.0 | 109.2 | 32.7 |  |  | 
权重 | 0.209 | 0.282 | 0.422 | 0.087 |  |  | 
面雨量 | 104.20009999999999 |  |  |  |  |  | 
净雨深R | 15.630014999999998 |  |  |  |  |  | 
洪水总量W=0.1RF | 1297.291245 |  |  |  |  |  | 
各站点降雨（29日4时） | 89.8 | 79.8 | 39.8 | 32.7 |  |  | 
权重 | 0.209 | 0.282 | 0.422 | 0.087 |  |  | 
面雨量 | 60.912299999999995 |  |  |  |  |  | 
净雨深R | 8.527722 |  |  |  |  |  | 
洪水总量W=0.1RF | 707.8009260000001 |  |  |  |  |  | 
===== Sheet: 洪水过程线图 (16行) =====
0.385
11.0
75.0
115.0
217.0
397.0
231.0
159.0
81.8
60.2
42.9
39.1
31.8
26.8
16.8
10.6
===== Sheet: 图2 (15行) =====
0.385
11.0
75.0
115.0
217.0
231.0
159.0
81.8
60.2
42.9
39.1
31.8
26.8
16.8
10.6
===== Sheet: Sheet2 (15行) =====
40752.0 | 20:00:00 | 0.385
 | 03:30:00 | 11.0
29日 | 04:00:00 | 75.0
 | 04:30:00 | 115.0
 | 05:00:00 | 217.0
 | 05:30:00 | 231.0
 | 06:24:00 | 159.0
 | 07:00:00 | 81.8
 | 12:30:00 | 60.2
 | 14:00:00 | 42.9
 | 18:00:00 | 39.1
 | 20:00:00 | 31.8
 | 20:30:00 | 26.8
30日 | 08:00:00 | 16.8
 | 20:00:00 | 10.6
===== Sheet: Sheet3 (16行) =====
40752.0 | 20:00:00 | 0.385
 | 03:30:00 | 11.0
29日 | 04:00:00 | 75.0
 | 04:30:00 | 115.0
 | 05:00:00 | 217.0
 | 05:10:00 | 397.0
 | 05:30:00 | 231.0
 | 06:24:00 | 159.0
 | 07:00:00 | 81.8
 | 12:30:00 | 60.2
 | 14:00:00 | 42.9
 | 18:00:00 | 39.1
 | 20:00:00 | 31.8
 | 20:30:00 | 26.8
30日 | 08:00:00 | 16.8
 | 20:00:00 | 10.6