===== Sheet: 降雨量 (21行) =====
9月3日-6日与9月9日-13日各雨量站降雨量统计表 |  |  |  |  |  |  | 
时间 | 瑶曲 | 庙湾 | 柳林 | 枢纽 | 马栏 | 红星 | 尚书
40789.0 |  | 3.7 | 2.4 | 3.2 | 4.4 | 0.0 | 11.5
40790.0 | 22.0 | 29.0 | 20.0 | 15.1 | 25.4 | 16.4 | 27.2
40791.0 | 42.0 | 43.8 | 57.3 | 48.4 | 41.1 | 68.9 | 54.9
40792.0 | 6.0 | 7.0 | 9.0 | 10.1 | 7.5 | 13.5 | 10.6
小计 | 70.0 | 83.5 | 88.69999999999999 | 76.8 | 78.4 | 98.80000000000001 | 104.19999999999999
40795.0 | 8.0 | 16.0 | 12.0 | 5.9 | 8.1 | 3.6 | 1.1
40796.0 | 10.0 | 12.0 | 16.0 | 15.8 | 12.0 | 7.7 | 9.7
40797.0 | 26.0 | 31.0 | 39.0 | 43.0 | 22.3 | 56.2 | 57.7
40798.0 | 1.0 | 1.0 | 0.0 | 0.0 | 8.5 | 0.0 | 0.0
40799.0 | 6.0 | 6.0 | 6.0 | 6.8 | 4.3 | 6.2 | 6.3
小计 | 51.0 | 66.0 | 73.0 | 71.5 | 55.2 | 73.7 | 74.8
16日 | 12.0 | 13.0 | 24.9 | 14.5 | 14.9 | 13.9 | 11.4
17日 | 33.0 | 40.8 | 42.3 | 38.5 | 40.0 | 39.9 | 39.8
18日 | 21.0 | 28.7 | 27.8 | 24.0 | 16.6 | 24.8 | 27.5
 |  |  | 13.8 | 13.8 | 13.7 | 20.8 | 16.3
小计 | 66.0 | 82.5 | 108.79999999999998 | 90.8 | 85.2 | 99.39999999999999 | 94.99999999999999
合计 | 187.0 | 232.0 | 275.6 | 239.1 | 218.8 | 271.9 | 274.0
===== Sheet: 洪水过程 (81行) =====
“20110905”与“20110911”洪水过程统计表（柳林断面） |  |  |  |  |  |  |  |  |  | 
日期 | 时间 | 流量 | 平均流量 | 历时 | 时段水量 | 洪水总量 | 5日洪量 | 库水位 | 库容 | 依据库容反推的总量
4日 | 20:00:00 | 3.8 |  |  |  |  |  | 783.81 | 2882.0 | 
5日 | 08:00:00 | 6.8 | 5.3 | 12.0 | 22.895999999999997 | 22.895999999999997 |  | 783.86 | 2892.0 | 
 | 12:00:00 | 13.0 | 9.9 | 4.0 | 14.256 | 37.152 |  | 783.97 | 2914.0 | 
 | 15:00:00 | 21.7 | 17.35 | 3.0 | 18.738 | 55.89 |  |  |  | 
 | 15:35:00 | 70.0 | 45.85 | 0.58 | 9.57348 | 65.46348 |  |  |  | 
 | 16:15:00 | 49.4 | 59.7 | 0.67 | 14.39964 | 79.86312000000001 |  | 784.09 | 2938.0 | 
 | 20:00:00 | 44.4 | 46.9 | 3.75 | 63.315 | 143.17812 |  | 784.45 | 3010.0 | 
 | 1900-01-01 | 34.0 | 39.2 | 4.0 | 56.448 | 199.62612000000001 |  | 784.71 | 3066.0 | 
6日 | 08:00:00 | 37.7 | 35.85 | 8.0 | 103.248 | 302.87412 |  | 785.1 | 3154.0 | 
 | 20:00:00 | 33.7 | 35.7 | 12.0 | 154.22400000000002 | 457.09812 |  | 785.83 | 3329.0 | 
7日 | 08:00:00 | 27.9 | 30.8 | 12.0 | 133.056 | 590.15412 |  | 786.4 | 3462.0 | 
 | 20:00:00 | 23.1 | 25.5 | 12.0 | 110.16 | 700.31412 |  | 786.87 | 3570.0 | 
8日 | 08:00:00 | 21.0 | 22.05 | 12.0 | 95.256 | 795.57012 |  | 787.23 | 3655.0 | 
 | 20:00:00 | 19.2 | 20.1 | 12.0 | 86.83200000000001 | 882.40212 |  | 787.52 | 3724.0 | 
9日 | 08:00:00 | 17.6 | 18.4 | 12.0 | 79.48799999999999 | 961.8901199999999 | 904.0 | 787.48 | 3714.0 | 904.0
 | 20:00:00 | 24.2 | 20.9 | 12.0 | 90.288 | 1052.1781199999998 |  | 787.76 | 3781.0 | 
10日 | 04:00:00 |  |  |  |  |  |  | 788.01 | 3840.0 | 
 | 08:00:00 | 23.0 | 23.6 | 12.0 | 101.95200000000001 | 1154.1301199999998 |  | 787.93 | 3821.0 | 
 | 20:00:00 | 19.2 | 21.1 | 12.0 | 91.152 | 1245.2821199999998 |  | 787.05 | 3612.0 | 
11日 | 08:00:00 | 23.0 | 21.1 | 12.0 | 91.152 | 1336.43412 |  | 786.54 | 3494.0 | 
 | 13:00:00 | 52.0 | 37.5 | 5.0 | 67.5 | 1403.93412 |  |  |  | 
 | 14:00:00 | 92.2 | 72.1 | 1.0 | 25.955999999999996 | 1429.8901199999998 |  | 786.76 | 3545.0 | 
 | 15:00:00 | 110.0 | 101.1 | 1.0 | 36.395999999999994 | 1466.2861199999998 |  | 786.82 | 3559.0 | 
 | 16:00:00 | 110.0 | 110.0 | 1.0 | 39.6 | 1505.8861199999997 |  | 786.89 | 3575.0 | 
 | 18:00:00 | 100.0 | 105.0 | 2.0 | 75.6 | 1581.4861199999996 |  | 786.99 | 3598.0 | 
 | 20:00:00 | 96.0 | 98.0 | 2.0 | 70.56 | 1652.0461199999995 |  | 787.12 | 3629.0 | 
 | 22:00:00 | 91.0 | 93.5 | 2.0 | 67.32 | 1719.3661199999995 |  | 787.16 | 3638.0 | 
12日 | 04:00:00 | 70.9 | 80.95 | 6.0 | 174.852 | 1894.2181199999995 |  | 787.13 | 3631.0 | 
 | 08:00:00 | 61.6 | 66.25 | 4.0 | 95.39999999999999 | 1989.6181199999996 |  | 787.02 | 3605.0 | 
 | 12:00:00 | 56.6 | 59.1 | 4.0 | 85.104 | 2074.7221199999994 |  | 786.89 | 3575.0 | 
 | 16:00:00 | 55.0 | 55.8 | 4.0 | 80.35199999999999 | 2155.0741199999993 |  | 786.73 | 3537.9 | 
 | 18:00:00 | 39.7 | 47.35 | 2.0 | 34.092 | 2189.1661199999994 |  | 786.65 | 3519.5 | 
 | 20:00:00 | 37.8 | 38.75 | 2.0 | 27.9 | 2217.0661199999995 |  | 786.54 | 3494.2 | 
13日 | 08:00:00 | 28.8 | 33.3 | 12.0 | 143.856 | 2360.9221199999993 |  | 785.89 | 3343.6 | 
 | 20:00:00 | 23.2 | 26.0 | 12.0 | 112.32 | 2473.2421199999994 |  | 785.98 | 3365.2 | 
14日 | 08:00:00 | 18.0 | 20.6 | 12.0 | 88.992 | 2562.2341199999996 | 2155.0 | 786.31 | 3441.3 | 3059.0
 | 20:00:00 | 15.8 | 16.9 | 12.0 | 73.008 | 2635.2421199999994 |  | 786.57 | 3501.1 | 
15日 | 08:00:00 | 15.2 | 15.5 | 12.0 | 66.96 | 2702.2021199999995 |  | 786.77 | 3547.1 | 
 | 20:00:00 | 15.2 | 15.2 | 12.0 | 65.66399999999999 | 2767.8661199999997 |  | 786.93 | 3583.9 | 
16日 | 08:00:00 | 15.2 | 15.2 | 12.0 | 65.66399999999999 | 2833.5301199999994 |  | 787.06 | 3614.28 | 
起涨 | 20:00:00 | 15.2 | 15.2 | 12.0 | 65.66399999999999 | 2899.194119999999 |  | 787.09 | 3621.42 | 
17日 | 02:00:00 | 23.0 | 19.1 | 6.0 | 41.256 | 2940.450119999999 |  |  |  | 
 | 08:00:00 | 24.1 | 19.65 | 6.0 | 42.443999999999996 | 2941.638119999999 |  | 786.74 | 3540.2 | 
 | 14:00:00 | 23.5 | 23.8 | 6.0 | 51.408 | 2993.046119999999 |  | 786.56 | 3498.8 | 
 | 23:00:00 | 65.4 | 44.45 | 9.0 | 144.018 | 3137.064119999999 |  |  |  | 
 | 1900-01-01 | 75.3 | 70.35 | 1.0 | 25.325999999999997 | 3162.390119999999 |  | 786.44 | 3471.2 | 
18日 | 00:30:00 | 87.2 | 81.25 | 0.5 | 14.625 | 3177.015119999999 |  |  |  | 
 | 02:00:00 | 91.1 | 89.15 | 1.5 | 48.141000000000005 | 3225.156119999999 |  | 786.52 | 3489.6 | 
 | 04:00:00 | 92.0 | 91.55 | 2.0 | 65.916 | 3291.0721199999994 |  | 786.56 | 3498.8 | 
 | 08:00:00 | 90.6 | 91.3 | 4.0 | 131.47199999999998 | 3422.5441199999996 |  | 786.67 | 3524.1 | 
 | 10:00:00 | 91.7 | 91.15 | 2.0 | 65.628 | 3488.1721199999997 |  | 786.72 | 3535.6 | 
 | 12:00:00 | 108.0 | 99.85 | 2.0 | 71.892 | 3560.0641199999995 |  | 786.84 | 3563.2 | 
 | 14:00:00 | 125.0 | 116.5 | 2.0 | 83.88 | 3643.9441199999997 |  | 787.12 | 3628.56 | 
 | 15:00:00 | 137.0 | 131.0 | 1.0 | 47.16 | 3691.1041199999995 |  | 787.28 | 3666.64 | 
 | 16:00:00 | 137.0 | 137.0 | 1.0 | 49.32 | 3740.4241199999997 |  | 787.42 | 3699.96 | 
 | 17:00:00 | 141.0 | 139.0 | 1.0 | 50.04 | 3790.4641199999996 |  | 787.58 | 3738.04 | 206m3/s
 | 20:00:00 | 136.0 | 138.5 | 3.0 | 149.57999999999998 | 3940.0441199999996 |  | 787.99 | 3835.62 | 
 | 22:00:00 | 130.0 | 133.0 | 2.0 | 95.75999999999999 | 4035.80412 |  | 788.14 | 3869.08 | 
19日 | 1900-01-01 | 126.0 | 128.0 | 2.0 | 92.16 | 4127.96412 |  | 788.24 | 3891.28 | 
 | 02:00:00 | 120.0 | 123.0 | 2.0 | 88.56 | 4216.52412 |  | 788.35 | 3915.7 | 
 | 11:00:00 | 85.6 | 102.8 | 9.0 | 333.07199999999995 | 4549.59612 |  | 788.43 | 3933.6 | 
 | 16:00:00 |  |  |  |  |  |  | 788.6 | 3971.0 | 
 | 20:00:00 | 79.2 | 82.4 | 9.0 | 266.976 | 4816.57212 |  | 788.54 | 3957.88 | 
20日 | 03:00:00 | 75.1 | 77.15 | 7.0 | 194.418 | 5010.9901199999995 |  | 788.42 | 3931.0 | 
 | 08:00:00 | 70.1 | 72.6 | 5.0 | 130.68 | 5141.67012 |  | 788.29 | 3902.0 | 
 | 14:00:00 | 65.0 | 67.55 | 6.0 | 145.908 | 5287.57812 |  | 788.08 | 3856.0 | 
 | 20:00:00 | 47.8 | 56.4 | 6.0 | 121.82399999999998 | 5409.40212 |  | 787.82 | 3795.0 | 
21日 | 08:00:00 | 47.8 | 47.8 | 12.0 | 206.49599999999995 | 5615.89812 |  | 787.22 | 3652.0 | 
22日 | 08:00:00 | 44.3 | 46.05 | 24.0 | 397.8719999999999 | 6013.77012 |  | 786.15 | 3404.0 | 
 | 20:00:00 | 24.7 | 34.5 | 12.0 | 149.04 | 6162.81012 |  | 786.23 | 3423.0 | 
23日 | 08:00:00 | 22.6 | 23.65 | 12.0 | 102.16799999999998 | 6264.97812 |  | 786.34 | 3448.0 | 
 | 20:00:00 | 22.6 | 22.6 | 12.0 | 97.63200000000002 | 6362.610119999999 | 3366.0 | 786.72 | 3536.0 | 4149.0
24日 | 08:00:00 | 16.8 | 19.700000000000003 | 12.0 | 85.10400000000001 | 6447.71412 |  | 787.06 | 3614.0 | 
合计 |  |  |  |  |  |  |  |  |  | 
===== Sheet: 泄水过程 (113行) =====
2011年桃曲坡水库泄水过程统计表 |  |  |  |  |  |  |  |  |  |  |  |  |  |  |  | 
日期 | 时间 | 库水位 | 库容 | 下泄流量 |  |  |  | 平均流量 | 历时(小时) | 泄水量 | 累计泄水量 |  |  |  |  | 
 |  |  |  | 低洞 | 溢洪道 | 高洞 | 小计 |  |  |  |  |  |  |  |  | 
40430.0 | 00:00:00 | 787.6 | 3742.8 | 50.0 |  |  | 50.0 |  |  |  |  |  |  |  |  | 
 | 04:00:00 | 787.43 | 3702.0 | 0.0 |  |  | 0.0 | 50.0 | 4.0 | 72.0 | 72.0 |  |  |  |  | 
10日 | 02:10:00 |  |  | 20.0 |  |  | 20.0 |  |  |  | 72.0 |  |  |  |  | 
 | 06:16:00 |  |  | 50.0 |  |  | 50.0 | 20.0 | 4.1 | 29.52 | 101.52 |  |  |  |  | 
 | 08:00:00 | 787.93 | 3821.0 | 80.0 |  |  | 80.0 | 50.0 | 1.73 | 31.14 | 132.66 |  |  |  |  | 
 | 20:00:00 | 787.05 | 3612.0 | 50.0 |  |  | 50.0 | 80.0 | 12.0 | 345.59999999999997 | 478.26 |  |  |  |  | 
11日 | 07:50:00 | 786.54 | 3494.0 | 10.0 |  |  | 10.0 | 50.0 | 11.83 | 212.94 | 691.2 |  |  |  |  | 
 | 12:50:00 |  |  | 50.0 |  |  | 50.0 | 10.0 | 5.0 | 18.0 | 709.2 |  |  |  |  | 
 | 15:50:00 | 786.89 | 3575.0 | 80.0 |  |  | 80.0 | 50.0 | 3.0 | 54.0 | 763.2 |  |  |  |  | 
 | 22:00:00 | 787.16 | 3638.0 | 80.0 |  |  | 80.0 | 80.0 | 6.17 | 177.696 | 940.8960000000001 |  |  |  |  | 
12日 | 08:00:00 | 787.02 | 3605.0 | 80.0 |  |  | 80.0 | 80.0 | 10.0 | 288.0 | 1228.8960000000002 |  |  |  |  | 
 | 12:00:00 | 786.89 | 3575.0 | 80.0 |  |  | 80.0 | 80.0 | 4.0 | 115.19999999999999 | 1344.0960000000002 |  |  |  |  | 
 | 20:00:00 | 786.54 | 3494.2 | 80.0 |  |  | 80.0 | 80.0 | 8.0 | 230.39999999999998 | 1574.496 |  |  |  |  | 
 | 00:00:00 | 786.34 | 3448.2 | 80.0 |  |  | 80.0 | 80.0 | 4.0 | 115.19999999999999 | 1689.6960000000001 |  |  |  |  | 
13日 | 08:00:00 | 785.89 | 3343.6 | 80.0 |  |  | 80.0 | 80.0 | 8.0 | 230.39999999999998 | 1920.096 |  |  |  |  | 
 | 09:00:00 | 785.82 | 3326.8 | 10.0 | 77.0 |  | 87.0 | 80.0 | 1.0 | 28.799999999999997 | 1948.896 |  |  |  |  | 
 | 09:50:00 |  |  | 10.0 | 77.0 |  | 87.0 | 87.0 | 0.83 | 25.995599999999996 | 1974.8916 |  |  |  |  | 
 | 11:30:00 |  |  | 10.0 | 0.0 |  | 10.0 | 87.0 | 1.67 | 52.304399999999994 | 2027.196 |  |  |  |  | 
14日 | 08:00:00 | 786.31 | 3441.0 | 10.0 |  |  | 10.0 | 10.0 | 20.5 | 73.8 | 2100.996 |  |  |  |  | 
15日 | 08:00:00 | 786.77 | 3547.0 | 10.0 |  |  | 10.0 | 10.0 | 24.0 | 86.39999999999999 | 2187.396 |  |  |  |  | 
16日 | 08:00:00 | 787.06 | 3614.0 | 10.0 |  |  | 10.0 | 10.0 | 24.0 | 86.39999999999999 | 2273.7960000000003 |  |  |  |  | 
 | 16:40:00 | 787.13 | 3631.0 | 30.0 |  |  | 30.0 | 10.0 | 8.67 | 31.212 | 2305.0080000000003 |  |  |  |  | 
 | 21:15:00 |  |  | 50.0 |  |  | 50.0 | 30.0 | 4.58 | 49.464 | 2354.472 |  |  |  |  | 
17日 | 08:00:00 | 786.74 | 3540.0 | 50.0 |  |  | 50.0 | 50.0 | 10.75 | 193.5 | 2547.972 |  |  |  |  | 
 | 20:00:00 | 786.41 | 3464.0 | 50.0 |  |  | 50.0 | 50.0 | 12.0 | 216.0 | 2763.972 |  |  |  |  | 
18日 | 00:57:00 |  |  | 80.0 |  |  | 80.0 | 50.0 | 4.95 | 89.1 | 2853.072 |  |  |  |  | 
 | 08:00:00 | 786.67 | 3524.0 | 80.0 |  |  | 80.0 | 80.0 | 7.05 | 203.04 | 3056.112 |  |  |  |  | 
 | 10:00:00 | 786.72 | 3536.0 | 10.0 | 70.0 |  | 80.0 | 80.0 | 2.0 | 57.599999999999994 | 3113.712 |  |  |  |  | 
 | 17:54:00 |  |  | 80.0 | 20.0 |  | 100.0 | 80.0 | 7.9 | 227.51999999999998 | 3341.232 |  |  |  |  | 
 | 20:00:00 | 787.99 | 3836.0 | 80.0 | 20.0 |  | 100.0 | 100.0 | 2.1 | 75.6 | 3416.832 |  |  |  |  | 
 | 22:00:00 | 788.14 | 3869.0 | 80.0 | 20.0 |  | 100.0 | 100.0 | 2.0 | 72.0 | 3488.832 |  |  |  |  | 
 | 23:59:00 | 788.24 | 3891.0 | 80.0 | 0.0 |  | 80.0 | 100.0 | 1.98 | 71.28 | 3560.112 |  |  |  |  | 
19日 | 08:00:00 | 788.54 | 3958.0 | 80.0 |  |  | 80.0 | 80.0 | 8.02 | 230.97599999999997 | 3791.088 |  |  |  |  | 
 | 16:00:00 | 788.6 | 3971.0 |  |  |  |  |  |  |  |  |  |  |  |  | 
 | 20:00:00 | 788.56 | 3962.0 | 80.0 |  |  | 80.0 | 80.0 | 12.0 | 345.59999999999997 | 4136.688 |  |  |  |  | 
20日 | 08:00:00 | 788.29 | 3902.0 | 80.0 |  |  | 80.0 | 80.0 | 12.0 | 345.59999999999997 | 4482.2880000000005 |  |  |  |  | 
 | 20:00:00 | 787.82 | 3795.0 | 80.0 |  |  | 80.0 | 80.0 | 12.0 | 345.59999999999997 | 4827.888000000001 |  |  |  |  | 
21日 | 08:00:00 | 787.22 | 3652.0 | 80.0 |  |  | 80.0 | 80.0 | 12.0 | 345.59999999999997 | 5173.488000000001 |  |  |  |  | 
 | 20:00:00 | 786.53 | 3492.0 | 80.0 |  |  | 80.0 | 80.0 | 12.0 | 345.59999999999997 | 5519.088000000002 |  |  |  |  | 
 | 21:30:00 |  |  | 50.0 |  |  | 50.0 | 80.0 | 1.5 | 43.199999999999996 | 5562.288000000001 |  |  |  |  | 
22日 | 08:00:00 | 786.15 | 3404.0 | 50.0 |  |  | 50.0 | 50.0 | 10.5 | 189.0 | 5751.288000000001 |  |  |  |  | 
 | 09:06:00 |  |  | 20.0 |  |  | 20.0 | 50.0 | 1.1 | 19.8 | 5771.088000000002 |  |  |  |  | 
 | 20:00:00 | 786.23 | 3423.0 | 20.0 |  |  | 20.0 | 20.0 | 10.9 | 78.48 | 5849.568000000001 |  |  |  |  | 
23日 | 06:00:00 |  |  | 0.0 |  |  | 0.0 | 20.0 | 10.0 | 72.0 | 5921.568000000001 |  |  |  |  | 
26日 | 17:00:00 |  |  | 15.0 |  |  | 15.0 |  |  |  | 5921.6 |  |  |  |  | 
 | 20:00:00 | 788.27 | 3898.0 | 15.0 |  |  | 15.0 | 15.0 | 3.0 | 16.2 | 5937.8 |  |  |  |  | 
27日 | 08:00:00 | 788.23 | 3889.0 | 15.0 |  |  | 15.0 | 15.0 | 12.0 | 64.8 | 6002.6 |  |  |  |  | 
 | 18:11:00 |  |  | 30.0 |  |  | 30.0 | 15.0 | 10.18 | 54.971999999999994 | 6057.572 |  |  |  |  | 
 | 20:00:00 | 788.19 | 3881.0 | 30.0 |  |  | 30.0 | 30.0 | 1.82 | 19.656 | 6077.228 |  |  |  |  | 
28日 | 08:00:00 | 787.94 | 3824.0 | 30.0 |  |  | 30.0 | 30.0 | 12.0 | 129.6 | 6206.828 |  |  |  |  | 
 | 16:41:00 |  |  | 20.0 |  |  | 20.0 | 30.0 | 8.68 | 93.74399999999999 | 6300.572 |  |  |  |  | 
 | 20:00:00 |  |  | 20.0 |  |  | 20.0 | 20.0 | 3.32 | 23.903999999999996 | 6324.476000000001 |  |  |  |  | 
29日 | 08:00:00 |  |  | 20.0 |  |  | 20.0 | 20.0 | 12.0 | 86.39999999999999 | 6410.876 |  |  |  |  | 
 | 20:00:00 |  |  | 20.0 |  |  | 20.0 | 20.0 | 12.0 | 86.39999999999999 | 6497.276 |  |  |  |  | 
40817.0 | 1900-01-01 |  |  | 0.0 |  |  | 0.0 | 20.0 | 28.0 | 201.6 | 6698.876 |  |  | 9月弃水6699 |  | 
40822.0 | 16:00:00 |  |  |  | 5.0 |  | 5.0 |  |  |  |  | 第一次溢流4天，溢流量167 |  | 10月溢流167 |  | 
40826.0 | 12:57:00 |  |  | 30.0 | 0.0 |  | 30.0 | 5.0 | 92.95 | 167.31 | 6698.9 |  |  | 10月弃水1977 |  | 
11日 | 17:00:00 |  |  | 50.0 |  |  | 50.0 | 30.0 | 28.05 | 302.94 | 7001.839999999999 |  |  |  |  | 
12日 | 08:04:00 | 788.45 | 3938.0 | 30.0 |  |  | 30.0 | 50.0 | 15.07 | 271.26 | 7273.099999999999 |  |  |  |  | 
13日 | 08:00:00 | 788.35 | 3916.0 | 30.0 |  |  | 30.0 | 30.0 | 23.93 | 258.44399999999996 | 7531.544 |  |  |  |  | 
14日 | 08:00:00 | 788.05 | 3849.0 | 30.0 |  |  | 30.0 | 30.0 | 24.0 | 259.2 | 7790.744 |  |  |  |  | 
15日 | 08:00:00 | 787.64 | 3752.0 | 30.0 |  |  | 30.0 | 30.0 | 24.0 | 259.2 | 8049.9439999999995 |  |  |  |  | 
16日 | 08:00:00 | 787.15 | 3636.0 | 30.0 |  |  | 30.0 | 30.0 | 24.0 | 259.2 | 8309.144 |  |  |  |  | 
17日 | 08:00:00 | 786.58 | 3503.0 | 30.0 |  |  | 30.0 | 30.0 | 24.0 | 259.2 | 8568.344000000001 |  |  |  |  | 
 | 18:00:00 |  |  | 0.0 |  |  | 0.0 | 30.0 | 10.0 | 108.0 | 8676.344000000001 |  |  |  |  | 
40843.0 | 09:18:00 |  |  |  | 2.0 |  | 2.0 |  |  |  |  | 第二次溢流7天，溢流量127 |  |  |  | 
40850.0 | 17:10:00 |  |  | 10.0 |  |  | 10.0 | 2.0 | 175.86 | 126.6192 | 8676.3 |  |  |  |  | 
4日 | 08:00:00 | 788.93 | 4044.0 | 10.0 |  |  | 10.0 | 10.0 | 14.83 | 53.388000000000005 | 8729.688 |  |  |  |  | 
 | 20:00:00 | 788.82 | 4020.0 | 10.0 |  |  | 10.0 | 10.0 | 12.0 | 43.199999999999996 | 8772.888 |  |  |  |  | 
5日 | 08:00:00 | 788.84 | 4024.0 | 10.0 |  |  | 10.0 | 10.0 | 12.0 | 43.199999999999996 | 8816.088000000002 |  |  |  |  | 
 | 20:00:00 | 788.82 | 4020.0 | 10.0 |  |  | 10.0 | 10.0 | 12.0 | 43.199999999999996 | 8859.288000000002 |  |  |  |  | 
6日 | 08:00:00 | 788.78 | 4011.0 | 10.0 |  |  | 10.0 | 10.0 | 12.0 | 43.199999999999996 | 8902.488000000003 |  |  |  |  | 
 | 20:00:00 | 788.73 | 4000.0 | 10.0 |  |  | 10.0 | 10.0 | 12.0 | 43.199999999999996 | 8945.688000000004 |  |  |  |  | 
7日 | 08:00:00 | 788.68 | 3989.0 | 10.0 |  |  | 10.0 | 10.0 | 12.0 | 43.199999999999996 | 8988.888000000004 |  |  |  |  | 
 | 20:00:00 |  |  | 10.0 |  |  | 10.0 | 10.0 | 12.0 | 43.199999999999996 | 9032.088000000005 |  |  |  |  | 
8日 | 08:00:00 |  |  | 10.0 |  |  | 10.0 | 10.0 | 12.0 | 43.199999999999996 | 9075.288000000006 |  |  |  |  | 
 | 18:00:00 |  |  | 0.0 |  |  | 0.0 | 10.0 | 10.0 | 36.0 | 9111.288000000006 |  |  |  |  | 
10日 | 00:00:00 |  |  |  | 2.0 |  | 2.0 |  |  |  |  | 第三次溢流1天，溢流量14 |  |  |  | 
 | 19:00:00 |  |  | 10.0 |  |  | 10.0 | 2.0 | 19.0 | 13.68 | 9111.3 |  |  |  |  | 
 | 20:00:00 | 789.03 | 4067.0 | 10.0 |  |  | 10.0 | 10.0 | 1.0 | 3.5999999999999996 | 9114.9 |  |  |  |  | 
11日 | 08:00:00 | 788.93 | 4044.0 | 10.0 |  |  | 10.0 | 10.0 | 12.0 | 43.199999999999996 | 9158.1 |  |  |  |  | 
 | 19:00:00 |  |  | 20.0 |  |  | 20.0 | 10.0 | 11.0 | 39.6 | 9197.7 |  |  |  |  | 
 | 20:00:00 | 788.85 | 4027.0 | 20.0 |  |  | 20.0 | 20.0 | 1.0 | 7.199999999999999 | 9204.900000000001 |  |  |  |  | 
12日 | 08:00:00 | 788.65 | 3982.0 | 20.0 |  |  | 20.0 | 20.0 | 12.0 | 86.39999999999999 | 9291.300000000001 |  |  |  |  | 
 | 20:00:00 | 788.42 | 3931.0 | 20.0 |  |  | 20.0 | 20.0 | 12.0 | 86.39999999999999 | 9377.7 |  |  |  |  | 
13日 | 08:00:00 |  |  | 20.0 |  |  | 20.0 | 20.0 | 12.0 | 86.39999999999999 | 9464.1 |  |  |  |  | 
 | 20:00:00 |  |  | 20.0 |  |  | 20.0 | 20.0 | 12.0 | 86.39999999999999 | 9550.5 |  |  |  |  | 
14日 | 08:00:00 | 787.75 | 3779.0 | 20.0 |  |  | 20.0 | 20.0 | 12.0 | 86.39999999999999 | 9636.9 |  |  |  |  | 
 | 18:00:00 |  |  | 0.0 |  |  | 0.0 | 20.0 | 10.0 | 72.0 | 9708.9 |  |  |  |  | 
40869.0 | 04:00:00 |  |  |  | 4.0 |  | 4.0 |  |  |  | 9708.9 |  |  |  |  | 
22日 | 08:00:00 |  |  |  | 4.0 |  | 4.0 | 4.0 | 4.0 | 5.76 | 9714.66 | 第四次溢流  24 天，溢流量852 |  |  |  | 
23日 | 08:00:00 |  |  |  | 4.0 |  | 4.0 | 4.0 | 24.0 | 34.56 | 9749.22 |  |  |  |  | 
30日 | 08:00:00 |  |  |  | 4.0 |  | 4.0 | 4.0 | 168.0 | 241.92 | 9991.14 |  |  |  |  | 
40878.0 | 08:00:00 |  |  |  | 4.0 |  | 4.0 | 4.0 | 24.0 | 34.56 | 10025.699999999999 |  | 11月 | 316.8 | 457.8 | 溢流
7日 | 08:00:00 |  |  |  | 4.0 |  | 4.0 | 4.0 | 144.0 | 207.35999999999999 | 10233.06 |  |  |  | 725.0 | 弃水
348.0 | 08:00:00 |  |  |  | 4.0 |  | 4.0 | 4.0 | 144.0 | 207.35999999999999 | 10440.42 |  |  |  |  | 
16日 | 08:00:00 |  |  |  | 4.0 |  | 4.0 | 4.0 | 72.0 | 103.67999999999999 | 10544.1 |  |  |  |  | 
 | 20:00:00 |  |  |  | 0.0 |  | 0.0 | 4.0 | 12.0 | 17.28 | 10561.380000000001 |  | 12月 | 535.0 |  | 
备注：9月9日零时开启低洞进行拉沙泄水，截至12月16日20时溢流结束累计弃水量10561万m3。其中：低洞泄水量9401万m3；水库蓄满溢流水量累计为1160万m3。溢流过程：10月6日下午4时水库蓄满开始溢流，第一次溢流水量167万m3（溢流4天），第二次溢流水量127万m3（7天），第三次溢流水量14万m3（1天），第四次溢流水量852万m3（24天），总溢流天数36天。 |  |  |  |  |  |  |  |  |  |  |  |  |  |  |  | 