===== Sheet: 降雨 (29行) =====
“9.14洪水”流域内各雨量站日降雨量统计表 |  |  |  |  |  |  |  |  |  |  |  |  |  |  | 漆水河岔口断面弃水过程 |  |  |  |  |  | 
 |  |  |  |  |  | mm |  |  |  |  |  |  |  |  | 日期 | 时间 | 下泄流量 | 平均流量 | 历时(小时) | 泄水量 | 累计泄水量
时间 | 柳林 | 瑶曲 | 庙湾 | 马栏 | 枢纽 | 红星 | 尚书 | 玉门 | 秀房沟 | 石柱 | 哭泉 | 楼子村 | 金锁 |  |  |  |  |  |  |  | 
43717.0 | 44.7 | 46.8 | 49.2 | 40.5 | 24.5 | 15.0 | 13.0 |  |  |  |  |  |  |  | 43719.0 | 20:00:00 | 1.0 |  |  |  | 
43718.0 | 19.0 | 13.5 | 13.4 | 7.7 | 18.0 | 9.5 | 12.0 |  |  |  |  |  |  |  | 43720.0 | 08:00:00 | 0.5 | 0.75 | 12.0 | 3.2399999999999998 | 3.2399999999999998
43719.0 | 8.4 | 16.0 | 15.4 | 19.1 | 5.5 | 1.5 | 1.0 |  |  |  |  |  |  |  |  | 20:00:00 | 0.3 | 0.4 | 12.0 | 1.7280000000000002 | 4.968
43720.0 | 5.0 | 4.8 | 6.0 | 7.5 | 5.5 | 5.0 | 6.0 |  |  |  |  |  |  |  | 9月13 | 09:00:00 | 0.3 | 0.3 | 13.0 | 1.404 | 6.372
43721.0 | 13.3 | 9.4 | 9.7 | 11.5 | 10.0 | 18.5 | 11.5 |  |  |  |  |  |  |  |  |  |  |  |  |  | 
43722.0 | 50.0 | 41.0 | 42.8 | 31.8 | 50.0 | 48.0 | 51.0 |  |  |  |  |  |  |  | 43722.0 | 08:00:00 | 0.5 |  |  |  | 
合计 | 140.4 | 131.5 | 136.5 | 118.10000000000001 | 113.5 | 97.5 | 94.5 | 0.0 | 0.0 | 0.0 | 0.0 | 0.0 | 0.0 |  |  | 10:00:00 | 10.0 | 5.25 | 2.0 | 3.78 | 3.78
9日-14日累计面雨量134mm；14日面雨量44mm。 |  |  |  |  |  |  |  |  |  |  |  |  |  |  |  | 17:00:00 | 15.0 | 12.5 | 7.0 | 31.5 | 35.28
“9.14洪水”预报值 |  |  |  |  |  |  |  |  |  |  |  |  |  |  |  |  |  |  |  |  | 
 | 柳林 | 瑶曲 | 庙湾 | 枢纽 |  |  |  |  |  |  |  |  |  |  |  |  |  |  |  |  | 
各站点降雨（21日22时） | 140.4 | 131.5 | 136.5 | 113.5 |  |  |  |  |  |  |  |  |  |  |  |  |  |  |  |  | 
权重 | 0.209 | 0.282 | 0.422 | 0.087 |  |  |  |  |  |  |  |  |  |  |  |  |  |  |  |  | 
面雨量 | 133.9041 |  |  |  |  |  |  |  |  |  |  |  |  |  |  |  |  |  |  |  | 
净雨深R | 53.561640000000004 |  |  |  |  |  |  |  |  |  |  |  |  |  |  |  |  |  |  |  | 
洪水总量W=0.1RF | 4445.616120000001 |  |  |  |  |  |  |  |  |  |  |  |  |  |  |  |  |  |  |  | 
43722.0 | 50.0 | 41.0 | 42.8 | 31.8 | 50.0 | 48.0 | 51.0 |  |  |  |  |  |  |  |  |  |  |  |  |  | 
合计 | 50.0 | 41.0 | 42.8 | 31.8 | 50.0 | 48.0 | 51.0 |  |  |  |  |  |  |  |  |  |  |  |  |  | 
 | 柳林 | 瑶曲 | 庙湾 | 枢纽 |  |  |  |  |  |  |  |  |  |  |  |  |  |  |  |  | 
各站点降雨（21日22时） | 50.0 | 41.0 | 42.8 | 50.0 |  |  |  |  |  |  |  |  |  |  |  |  |  |  |  |  | 
权重 | 0.209 | 0.282 | 0.422 | 0.087 |  |  |  |  |  |  |  |  |  |  |  |  |  |  |  |  | 
面雨量 | 44.4236 |  |  |  |  |  |  |  |  |  |  |  |  |  |  |  |  |  |  |  | 
净雨深R | 19.102148 |  |  |  |  |  |  |  |  |  |  |  |  |  |  |  |  |  |  |  | 
洪水总量W=0.1RF | 1585.478284 |  |  |  |  |  |  |  |  |  |  |  |  |  |  |  |  |  |  |  | 
===== Sheet: 来水 (38行) =====
柳林断面流量统计表(“20190914”洪水) |  |  |  |  |  |  |  |  |  |  | 
万立米 |  |  |  |  |  |  |  |  |  |  | 
日期 | 报汛时间 | 库水位 | 库容 | 柳林流量 | 平均流量 | 历时 | 时段水量 | 洪水总量 | 1日洪量 | 依据库容反推的洪量 | 依据库容反推的入库流量
43717.0 | 20:00:00 | 775.94 | 1364.8 | 2.66 |  |  |  |  |  |  | 
43718.0 | 02:00:00 |  |  | 6.64 | 4.65 | 6.0 | 10.044 | 10.044 |  |  | 
 | 08:00:00 | 776.12 | 1393.0 | 8.74 | 7.6899999999999995 | 6.0 | 16.6104 | 26.6544 |  |  | 
 | 20:00:00 | 776.31 | 1421.5 | 7.16 | 7.95 | 12.0 | 34.344 | 60.998400000000004 |  |  | 
43719.0 | 08:00:00 | 776.51 | 1451.8 | 8.26 | 7.71 | 12.0 | 33.307199999999995 | 94.3056 |  |  | 
 | 20:00:00 | 776.77 | 1498.6 | 14.3 | 11.280000000000001 | 12.0 | 48.729600000000005 | 143.0352 |  |  | 
43720.0 | 08:00:00 | 777.3 | 1588.0 | 9.53 | 11.915 | 12.0 | 51.47279999999999 | 194.50799999999998 |  |  | 
 | 20:00:00 | 777.6 | 1638.0 | 6.64 | 8.084999999999999 | 12.0 | 34.92719999999999 | 229.43519999999998 |  |  | 
43721.0 | 08:00:00 | 777.9 | 1692.0 | 6.12 | 6.38 | 12.0 | 27.5616 | 256.9968 |  |  | 
 | 20:00:00 | 778.1 | 1728.0 | 5.66 | 5.890000000000001 | 12.0 | 25.4448 | 282.4416 |  |  | 
43722.0 | 08:00:00 | 778.35 | 1773.0 | 7.16 | 6.41 | 12.0 | 27.6912 | 310.1328 |  |  | 10.0
 | 17:00:00 |  |  | 26.5 | 16.83 | 9.0 | 54.52919999999999 | 364.662 |  |  | 
 | 20:00:00 | 778.92 | 1884.0 | 54.0 | 40.25 | 3.0 | 43.47 | 408.13199999999995 |  |  | 26.0
 | 21:00:00 |  |  | 55.0 | 54.5 | 1.0 | 19.62 | 427.75199999999995 |  |  | 
 | 21:30:00 | 779.02 | 1904.0 |  |  |  |  |  |  |  | 37.0
 | 22:00:00 | 779.2 | 1940.0 |  |  |  |  |  |  |  | 200.0
 | 22:30:00 | 779.28 | 1956.0 |  |  |  |  |  |  |  | 88.0
 | 23:00:00 | 779.35 | 1970.0 | 49.8 | 52.4 | 2.0 | 37.727999999999994 | 465.47999999999996 |  |  | 77.0
 | 23:30:00 | 779.41 | 1982.0 |  |  |  |  |  |  |  | 67.0
43723.0 | 1900-01-01 | 779.45 | 1990.0 |  |  |  |  |  |  |  | 44.0
 | 00:30:00 | 779.45 | 1990.0 |  |  |  |  |  |  |  | 
 | 01:00:00 | 779.58 | 2017.6 |  |  |  |  |  |  |  | 
 | 02:00:00 |  |  | 46.0 | 47.9 | 3.0 | 51.73199999999999 | 517.212 |  |  | 
 | 08:00:00 | 780.02 | 2114.0 | 35.4 | 40.7 | 6.0 | 87.912 | 605.124 | 294.99120000000005 | 404.0 | 38.0
 | 20:00:00 | 780.64 | 2238.0 | 29.0 | 14.5 | 12.0 | 62.64 | 667.764 | 259.63200000000006 | 417.0 | 39.0
43724.0 | 08:00:00 | 781.08 | 2326.0 | 20.0 | 24.5 | 12.0 | 105.83999999999999 | 773.604 |  |  | 40.0
 | 20:00:00 |  |  | 15.3 | 7.65 | 12.0 | 33.048 | 806.652 |  |  | 
17.0 | 08:00:00 |  |  | 8.26 | 11.780000000000001 | 12.0 | 50.8896 | 857.5416 |  |  | 
 | 20:00:00 |  |  | 6.12 | 20.759999999999998 | 12.0 | 89.68319999999999 | 947.2248 |  |  | 
18.0 | 1900-01-30 08:00:00 |  |  | 6.12 | 6.12 | 12.0 | 26.438399999999998 | 973.6632 |  |  | 
 | 1900-01-30 20:00:00 |  |  | 5.21 | 12.605 | 12.0 | 54.453599999999994 | 1028.1168 |  |  | 
19.0 | 08:00:00 | 782.76 | 2672.0 | 10.6 | 7.904999999999999 | 12.0 | 34.14959999999999 | 1062.2664 |  | 1065.0 | 
 | 20:00:00 | 783.01 | 2722.0 | 10.6 | 9.43 | 12.0 | 40.7376 | 1103.004 |  | 1034.0 | 
21.0 | 08:00:00 | 783.69 | 2858.0 |  |  |  |  |  |  | 1285.0 | 
22:00库区洪峰流量69立米秒，最大一日洪水总量为417万m3，最大五日洪水总量为1065万m3。 |  |  |  |  |  |  |  |  |  |  | 
===== Sheet: 出库 (28行) =====
桃曲坡水库出库过程(20190914洪水) |  |  |  |  |  |  |  |  |  |  | 
日期 | 时间 | 库水位 | 库容 | 出库流量 |  |  | 平均流量 | 历时(小时) | 出库量 | 累计出库量 | 低洞泄水量
 |  |  |  | 低洞 | 高洞 | 小计 |  |  |  |  | 
43717.0 | 20:00:00 | 775.94 | 1364.8 |  | 0.74 | 0.74 |  |  |  |  | 
43718.0 | 02:00:00 |  |  |  | 0.74 | 0.74 | 0.74 | 6.0 | 1.5983999999999998 | 1.5983999999999998 | 
 | 08:00:00 | 776.12 | 1393.0 |  | 0.64 | 0.64 | 0.69 | 6.0 | 1.4903999999999997 | 3.0887999999999995 | 
 | 20:00:00 | 776.31 | 1421.5 |  | 0.64 | 0.64 | 0.64 | 12.0 | 2.7647999999999997 | 5.853599999999999 | 
43719.0 | 08:00:00 | 776.51 | 1451.8 |  | 0.64 | 0.64 | 0.64 | 12.0 | 2.7647999999999997 | 8.6184 | 
 | 20:00:00 | 776.77 | 1498.6 |  | 0.54 | 0.54 | 0.5900000000000001 | 12.0 | 2.5488000000000004 | 11.1672 | 
43720.0 | 08:00:00 | 777.3 | 1588.0 |  | 0.54 | 0.54 | 0.54 | 12.0 | 2.3328 | 13.5 | 
 | 20:00:00 | 777.6 | 1638.0 |  | 0.49 | 0.49 | 0.515 | 12.0 | 2.2247999999999997 | 15.7248 | 
43721.0 | 08:00:00 | 777.9 | 1692.0 |  | 0.49 | 0.49 | 0.49 | 12.0 | 2.1168 | 17.8416 | 
 | 20:00:00 | 778.1 | 1728.0 |  | 0.49 | 0.49 | 0.49 | 12.0 | 2.1168 | 19.9584 | 
43722.0 | 08:00:00 | 778.35 | 1773.0 |  | 0.49 | 0.49 | 0.49 | 12.0 | 2.1168 | 22.075200000000002 | 
 | 17:00:00 |  |  |  | 0.49 | 0.49 | 0.49 | 9.0 | 1.5876 | 23.6628 | 
 | 20:00:00 | 778.92 | 1884.0 |  | 0.49 | 0.49 | 0.49 | 3.0 | 0.5292 | 24.192 | 
 | 23:00:00 | 779.35 | 1970.0 | 10.0 | 0.49 | 10.49 | 5.49 | 3.0 | 5.9292 | 30.1212 | 
43723.0 | 05:00:00 |  |  | 10.0 | 0.49 | 10.49 | 10.49 | 6.0 | 22.658399999999997 | 52.7796 | 22.6584
 | 08:00:00 |  |  |  | 0.49 | 0.49 | 5.49 | 3.0 | 5.9292 | 58.708800000000004 | 15日5点低洞关闭
43724.0 | 08:00:00 |  |  |  | 0.49 | 0.49 | 0.49 | 24.0 | 4.2336 | 62.942400000000006 | 
 | 20:00:00 |  |  |  | 0.49 | 0.49 | 0.49 | 45.0 | 7.938 | 70.88040000000001 | 
43725.0 | 1900-01-01 08:00:00 |  |  |  | 0.49 | 0.49 | 0.49 | 66.0 | 11.642399999999999 | 82.5228 | 
 | 1900-01-01 20:00:00 |  |  |  | 0.49 | 0.49 | 0.49 | 87.0 | 15.3468 | 97.8696 | 
43726.0 | 08:00:00 |  |  |  | 0.49 | 0.49 | 0.49 | 108.0 | 19.0512 | 116.92080000000001 | 
 | 20:00:00 |  |  |  | 0.49 | 0.49 | 0.49 | 129.0 | 22.7556 | 139.6764 | 
43727.0 | 08:00:00 |  |  |  | 0.49 | 0.49 | 0.49 | 150.0 | 26.459999999999997 | 166.1364 | 
 | 20:00:00 |  |  |  | 0.49 | 0.49 | 0.49 | 171.0 | 30.164399999999997 | 196.3008 | 
===== Sheet: 过程线 (17行) =====
日期 | 报汛时间 | 柳林流量 |  |  |  |  |  |  |  |  |  |  |  | 桃曲坡水库“20190914洪水”柳林断面洪水过程线 |  |  |  |  |  |  |  |  |  |  | 
43721.0 | 08:00:00 | 6.12 |  |  |  |  |  |  |  |  |  |  |  |  |  |  |  |  |  |  |  |  |  |  | 单位：万m3
 | 20:00:00 | 5.66 |  |  |  |  |  |  |  |  |  |  |  |  |  |  |  |  |  |  |  |  |  |  | 
43722.0 | 08:00:00 | 7.16 |  |  |  |  |  |  |  |  |  |  |  |  |  |  |  |  |  |  |  |  |  |  | 
 | 17:00:00 | 26.5 |  |  |  |  |  |  |  |  |  |  |  |  |  |  |  |  |  |  |  |  |  |  | 
 | 20:00:00 | 54.0 |  |  |  |  |  |  |  |  |  |  |  |  |  |  |  |  |  |  |  |  |  |  | 
 | 21:00:00 | 55.0 |  |  |  |  |  |  |  |  |  |  |  |  |  |  |  |  |  |  |  |  |  |  | 
 | 23:00:00 | 49.8 |  |  |  |  |  |  |  |  |  |  |  |  |  |  |  |  |  |  |  |  |  |  | 
43723.0 | 02:00:00 | 46.0 |  |  |  |  |  |  |  |  |  |  |  |  |  |  |  |  |  |  |  |  |  |  | 
 | 08:00:00 | 35.4 |  |  |  |  |  |  |  |  |  |  |  |  |  |  |  |  |  |  |  |  |  |  | 
 | 20:00:00 | 29.0 |  |  |  |  |  |  |  |  |  |  |  |  |  |  |  |  |  |  |  |  |  |  | 
43724.0 | 08:00:00 | 20.0 |  |  |  |  |  |  |  |  |  |  |  |  |  |  |  |  |  |  |  |  |  |  | 
 | 20:00:00 | 15.3 |  |  |  |  |  |  |  |  |  |  |  |  |  |  |  |  |  |  |  |  |  |  | 
44456.0 | 08:00:00 | 8.26 |  |  |  |  |  |  |  |  |  |  |  |  |  |  |  |  |  |  |  |  |  |  | 
 | 20:00:00 | 6.12 |  |  |  |  |  |  |  |  |  |  |  |  |  |  |  |  |  |  |  |  |  |  | 
44457.0 | 1900-01-30 08:00:00 | 6.12 |  |  |  |  |  |  |  |  |  |  |  |  |  |  |  |  |  |  |  |  |  |  | 
 | 1900-01-30 20:00:00 | 5.21 |  |  |  |  |  |  |  |  |  |  |  |  |  |  |  |  |  |  |  |  |  |  | 