===== Sheet: Sheet2 (20行) =====
续表7：                                           水库水位面积、库容、泄量关系 |  |  |  |  |  |  |  | 
水库名称代码 | 资料生成日期 | 水位 | 面积 | 库容 | 正常溢洪道总泄量 | 非常溢洪道总泄量 | 洞（管）总泄量 | 发电引用流量
ennmcd | inprdt | wtlv | ar | rscp | nrsottds | exsottds | hlppttds | gnqufl
（1）“水库名称代码”+“资料生成日期”+“水位”唯一标识某水库于某日期前的一个水位。 | （2）“资料生成日期”，指本条记录的实际产生日期。 | （3）本水库的任意一个水位，或某个特征水位 | 对应某个水位时的水库水面面积 | 对应某个水位时的水库库容 | 对应某个水位时所有正常溢洪道全部打开时的泄量 | 对应某个水位时所有非常溢洪道全部打开时的泄量 | 对应某个水位时除了发电引用流量以外，所有洞（管）全部打开时的泄量 | 对应某个水位时全部发电机组投入运行时的引用流量
BDC23000223 | 35765.0 | 783.5 | 2.08 | 28.2 | 0.0 | 无 | 100.0 | 无
 |  | 784.0 | 2.14 | 29.2 | 72.0 |  | 100.0 | 
 |  | 784.5 | 2.17 | 30.2 | 144.0 |  | 100.0 | 
 |  | 785.0 | 2.2 | 31.3 | 247.0 |  | 100.0 | 
 |  | 785.5 | 2.23 | 32.5 | 350.0 |  | 100.0 | 
 |  | 786.0 | 2.27 | 33.7 | 500.0 |  | 100.0 | 
 |  | 786.5 | 2.3 | 34.85 | 650.0 |  | 100.0 | 
 |  | 787.0 | 2.33 | 36.0 | 820.0 |  | 100.0 | 
 |  | 787.5 | 2.35 | 37.19 | 990.0 |  | 100.0 | 
 |  | 788.0 | 2.38 | 38.38 | 1200.0 |  | 100.0 | 
 |  | 788.5 | 2.4 | 39.49 | 1410.0 |  | 100.0 | 
 |  | 789.0 | 2.42 | 40.6 | 1630.0 |  | 100.0 | 
 |  | 789.5 | 2.43 | 41.75 | 1850.0 |  | 100.0 | 
 |  | 790.0 | 2.44 | 42.9 | 2042.0 |  | 100.0 | 
 |  | 790.5 | 2.45 | 44.2 | 2234.0 |  | 100.0 | 
 |  | 791.0 | 2.47 | 45.6 |  |  |  | 
===== Sheet: Sheet1 (25行) =====
续表7：                                           水库水位面积、库容、泄量关系 |  |  |  |  |  |  |  | 
水库名称代码 | 资料生成日期 | 水位 | 面积 | 库容 | 正常溢洪道总泄量 | 非常溢洪道总泄量 | 洞（管）总泄量 | 发电引用流量
ennmcd | inprdt | wtlv | ar | rscp | nrsottds | exsottds | hlppttds | gnqufl
（1）“水库名称代码”+“资料生成日期”+“水位”唯一标识某水库于某日期前的一个水位。 | （2）“资料生成日期”，指本条记录的实际产生日期。 | （3）本水库的任意一个水位，或某个特征水位 | 对应某个水位时的水库水面面积 | 对应某个水位时的水库库容 | 对应某个水位时所有正常溢洪道全部打开时的泄量 | 对应某个水位时所有非常溢洪道全部打开时的泄量 | 对应某个水位时除了发电引用流量以外，所有洞（管）全部打开时的泄量 | 对应某个水位时全部发电机组投入运行时的引用流量
BDC23000223 | 35765.0 | 773.0 | 1.3 | 9.3 | 0.0 | 无 | 85.6 | 无
 |  | 773.5 | 1.33 | 9.9 | 0.0 |  | 86.2 | 
 |  | 774.0 | 1.35 | 10.7 | 0.0 |  | 86.8 | 
 |  | 774.5 | 1.38 | 11.4 | 0.0 |  | 87.4 | 
 |  | 775.0 | 1.41 | 12.15 | 0.0 |  | 88.0 | 
 |  | 775.5 | 1.45 | 12.9 | 0.0 |  | 88.5 | 
 |  | 776.0 | 1.49 | 13.75 | 0.0 |  | 89.0 | 
 |  | 776.5 | 1.53 | 14.5 | 0.0 |  | 89.5 | 
 |  | 777.0 | 1.56 | 15.4 | 0.0 |  | 90.0 | 
 |  | 777.5 | 1.6 | 16.2 | 0.0 |  | 90.5 | 
 |  | 778.0 | 1.63 | 17.1 | 0.0 |  | 91.0 | 
 |  | 778.5 | 1.67 | 18.0 | 0.0 |  | 91.5 | 
 |  | 779.0 | 1.7 | 19.0 | 0.0 |  | 92.0 | 
 |  | 779.5 | 1.74 | 20.0 | 0.0 |  | 92.5 | 
 |  | 780.0 | 1.78 | 21.1 | 0.0 |  | 93.0 | 
 |  | 780.5 | 1.82 | 22.1 | 0.0 |  | 94.0 | 
 |  | 781.0 | 1.87 | 23.1 | 0.0 |  | 95.0 | 
 |  | 781.5 | 1.9 | 24.1 | 0.0 |  | 96.0 | 
 |  | 782.0 | 1.94 | 25.2 | 0.0 |  | 97.0 | 
 |  | 782.5 | 1.98 | 26.2 | 0.0 |  | 98.0 | 
 |  | 783.0 | 2.02 | 27.2 | 0.0 |  | 99.0 | 
===== Sheet: TB0207 (26行) =====
表7：                                           水库水位面积、库容、泄量关系 |  |  |  |  |  |  |  | 
水库名称代码 | 资料生成日期 | 水位 | 面积 | 库容 | 正常溢洪道总泄量 | 非常溢洪道总泄量 | 洞（管）总泄量 | 发电引用流量
ennmcd | inprdt | wtlv | ar | rscp | nrsottds | exsottds | hlppttds | gnqufl
（1）“水库名称代码”+“资料生成日期”+“水位”唯一标识某水库于某日期前的一个水位。 | （2）“资料生成日期”，指本条记录的实际产生日期。 | （3）本水库的任意一个水位，或某个特征水位 | 对应某个水位时的水库水面面积 | 对应某个水位时的水库库容 | 对应某个水位时所有正常溢洪道全部打开时的泄量 | 对应某个水位时所有非常溢洪道全部打开时的泄量 | 对应某个水位时除了发电引用流量以外，所有洞（管）全部打开时的泄量 | 对应某个水位时全部发电机组投入运行时的引用流量
BDC23000223 | 35765.0 | 762.5 | 0.0 | 0.0 | 0.0 | 无 | 0.0 | 无
 |  | 762.8 | 0.5 | 0.12 | 0.0 |  | 43.2 | 
 |  | 763.0 | 0.72 | 0.2 | 0.0 |  | 72.0 | 
 |  | 763.5 | 0.77 | 0.5 | 0.0 |  | 72.8 | 
 |  | 764.0 | 0.82 | 0.8 | 0.0 |  | 73.5 | 
 |  | 764.5 | 0.85 | 1.0 | 0.0 |  | 74.2 | 
 |  | 765.0 | 0.87 | 1.3 | 0.0 |  | 75.0 | 
 |  | 765.5 | 0.91 | 1.6 | 0.0 |  | 75.7 | 
 |  | 766.0 | 0.95 | 2.0 | 0.0 |  | 76.4 | 
 |  | 766.5 | 0.97 | 2.3 | 0.0 |  | 77.1 | 
 |  | 767.0 | 0.98 | 2.7 | 0.0 |  | 77.8 | 
 |  | 767.5 | 1.0 | 3.1 | 0.0 |  | 78.5 | 
 |  | 768.0 | 1.03 | 3.55 | 0.0 |  | 79.2 | 
 |  | 768.5 | 1.05 | 4.0 | 0.0 |  | 79.9 | 
 |  | 769.0 | 1.07 | 4.5 | 0.0 |  | 80.6 | 
 |  | 769.5 | 1.12 | 5.0 | 0.0 |  | 81.3 | 
 |  | 770.0 | 1.14 | 5.5 | 0.0 |  | 82.0 | 
 |  | 770.5 | 1.16 | 6.05 | 0.0 |  | 82.6 | 
 |  | 771.0 | 1.18 | 6.65 | 0.0 |  | 83.2 | 
 |  | 771.5 | 1.21 | 7.25 | 0.0 |  | 83.8 | 
 |  | 772.0 | 1.24 | 7.9 | 0.0 |  | 84.4 | 
 |  | 772.5 | 1.27 | 8.6 | 0.0 |  | 85.0 | 