===== Sheet: 下泄水量 (56行) =====
2021年9月25日-10月10日桃曲坡水库泄水过程
                                              单位：m3/s  万m3 |  |  |  |  |  |  |  |  |  |  |  |  | 
日期 | 时间 | 下泄流量 |  |  | 平均流量 | 历时(小时) | 泄水量 | 累计泄水量 |  |  |  |  | 
 |  | 低洞 | 溢洪道 | 小计 |  |  |  |  |  |  |  |  | 
44464.0 | 19:00:00 | 10.0 |  | 10.0 |  |  |  |  |  |  |  |  | 
 | 20:40:00 | 30.0 |  | 30.0 | 20.0 | 1.67 | 12.024 | 12.024 |  |  |  |  | 
 | 22:00:00 | 50.0 |  | 50.0 | 40.0 | 1.33 | 19.152 | 31.176000000000002 |  |  |  |  | 
 | 22:30:00 | 80.0 |  | 80.0 | 65.0 | 0.5 | 11.7 | 42.876000000000005 |  |  |  |  | 
44465.0 | 00:30:00 | 80.0 | 70.0 | 150.0 | 115.0 | 2.0 | 82.8 | 125.676 |  |  |  |  | 
 | 08:00:00 | 80.0 | 70.0 | 150.0 | 150.0 | 7.5 | 405.0 | 530.676 | 70.0 | 7.5 | 189.0 | 189.0 | 
 | 12:00:00 | 80.0 | 70.0 | 150.0 | 150.0 | 4.0 | 216.0 | 746.676 | 70.0 | 4.0 | 100.8 | 289.8 | 
 | 13:00:00 | 80.0 | 40.0 | 120.0 | 135.0 | 1.0 | 48.6 | 795.2760000000001 | 55.0 | 1.0 | 19.8 | 309.6 | 
 | 20:00:00 | 80.0 | 40.0 | 120.0 | 120.0 | 7.0 | 302.4 | 1097.676 | 40.0 | 7.0 | 100.8 | 410.40000000000003 | 
 | 22:00:00 | 80.0 | 40.0 | 120.0 | 120.0 | 2.0 | 86.39999999999999 | 1184.076 | 40.0 | 2.0 | 28.799999999999997 | 439.20000000000005 | 
 | 22:30:00 | 80.0 | 20.0 | 100.0 | 110.0 | 0.5 | 19.8 | 1203.876 | 30.0 | 0.5 | 5.3999999999999995 | 444.6 | 
44466.0 | 08:00:00 | 80.0 | 20.0 | 100.0 | 100.0 | 9.5 | 342.0 | 1545.876 | 20.0 | 9.5 | 68.39999999999999 | 513.0 | 
 | 08:40:00 | 80.0 | 关闭 | 80.0 | 90.0 | 0.67 | 21.708000000000002 | 1567.584 | 20.0 | 0.67 | 4.824 | 517.824 | 
 | 20:00:00 | 80.0 |  | 80.0 | 80.0 | 11.33 | 326.304 | 1893.888 |  |  |  |  | 
 | 21:30:00 | 50.0 |  | 50.0 | 65.0 | 1.5 | 35.1 | 1928.9879999999998 |  |  |  |  | 
44467.0 | 08:00:00 | 50.0 |  | 50.0 | 50.0 | 10.5 | 189.0 | 2117.988 |  |  |  |  | 
 | 20:00:00 | 50.0 |  | 50.0 | 50.0 | 12.0 | 216.0 | 2333.988 |  |  |  |  | 
 | 21:00:00 | 30.0 |  | 30.0 | 40.0 | 1.0 | 14.399999999999999 | 2348.388 |  |  |  |  | 
44468.0 | 08:00:00 | 30.0 |  | 30.0 | 30.0 | 11.0 | 118.8 | 2467.188 |  |  |  |  | 
 | 09:30:00 | 20.0 |  | 20.0 | 25.0 | 1.5 | 13.5 | 2480.688 |  |  |  |  | 
 | 20:00:00 | 20.0 |  | 20.0 | 20.0 | 10.5 | 75.6 | 2556.288 |  |  |  |  | 
44469.0 | 08:00:00 | 20.0 |  | 20.0 | 20.0 | 12.0 | 86.39999999999999 | 2642.688 |  |  |  |  | 
44472.0 | 08:00:00 | 20.0 |  | 20.0 | 20.0 | 72.0 | 518.4 | 3161.088 |  |  |  |  | 
 | 14:30:00 | 80.0 |  | 80.0 | 50.0 | 6.5 | 117.0 | 3278.088 |  |  |  |  | 
 | 15:00:00 | 90.0 |  | 90.0 | 85.0 | 0.5 | 15.299999999999999 | 3293.3880000000004 |  |  |  |  | 
44473.0 | 08:00:00 | 90.0 |  | 90.0 | 90.0 | 17.0 | 550.8 | 3844.188 |  |  |  |  | 
 | 18:00:00 | 90.0 | 40.0 | 130.0 | 110.0 | 10.0 | 396.0 | 4240.188 |  |  |  |  | 
 | 20:00:00 | 90.0 | 40.0 | 130.0 | 130.0 | 2.0 | 93.6 | 4333.7880000000005 | 40.0 | 2.0 | 28.799999999999997 | 28.799999999999997 | 
 | 20:30:00 | 90.0 | 60.0 | 150.0 | 140.0 | 0.5 | 25.2 | 4358.988 | 50.0 | 0.5 | 9.0 | 37.8 | 
44474.0 | 08:00:00 | 90.0 | 60.0 | 150.0 | 150.0 | 11.5 | 621.0 | 4979.988 | 60.0 | 11.5 | 248.39999999999998 | 286.2 | 
 | 11:30:00 | 90.0 | 90.0 | 180.0 | 165.0 | 3.5 | 207.9 | 5187.888 | 75.0 | 3.5 | 94.5 | 380.7 | 
 | 20:00:00 | 90.0 | 90.0 | 180.0 | 180.0 | 8.5 | 550.8 | 5738.688 | 90.0 | 8.5 | 275.4 | 656.0999999999999 | 
44475.0 | 08:00:00 | 90.0 | 90.0 | 180.0 | 180.0 | 12.0 | 777.6 | 6516.2880000000005 | 90.0 | 12.0 | 388.8 | 1044.8999999999999 | 
 | 19:00:00 | 90.0 | 60.0 | 150.0 | 165.0 | 11.0 | 653.4 | 7169.688 | 75.0 | 11.0 | 297.0 | 1341.8999999999999 | 
 | 20:00:00 | 90.0 | 60.0 | 150.0 | 150.0 | 1.0 | 54.0 | 7223.688 | 60.0 | 1.0 | 21.599999999999998 | 1363.4999999999998 | 
44476.0 | 07:00:00 | 90.0 | 20.0 | 110.0 | 130.0 | 11.0 | 514.8 | 7738.488 | 40.0 | 11.0 | 158.4 | 1521.8999999999999 | 
 | 08:00:00 | 90.0 | 20.0 | 110.0 | 110.0 | 1.0 | 39.6 | 7778.088000000001 | 20.0 | 1.0 | 7.199999999999999 | 1529.1 | 
 | 10:40:00 | 90.0 | 关闭 | 90.0 | 100.0 | 2.67 | 96.11999999999999 | 7874.2080000000005 | 20.0 | 2.67 | 19.224 | 1548.3239999999998 | 2066.1479999999997
 | 20:00:00 | 90.0 |  | 90.0 | 90.0 | 9.33 | 302.29200000000003 | 8176.500000000001 |  |  |  |  | 
44477.0 | 02:00:00 | 80.0 |  | 80.0 | 85.0 | 6.0 | 183.6 | 8360.1 |  |  |  |  | 
 | 08:00:00 | 80.0 |  | 80.0 | 80.0 | 6.0 | 172.79999999999998 | 8532.9 |  |  |  |  | 
 | 10:00:00 | 60.0 |  | 60.0 | 70.0 | 2.0 | 50.4 | 8583.3 |  |  |  |  | 
 | 20:00:00 | 60.0 |  | 60.0 | 60.0 | 10.0 | 216.0 | 8799.3 |  |  |  |  | 
44478.0 | 08:00:00 | 60.0 |  | 60.0 | 60.0 | 12.0 | 259.2 | 9058.5 |  |  |  |  | 
 | 17:00:00 | 50.0 |  | 50.0 | 55.0 | 9.0 | 178.2 | 9236.7 |  |  |  |  | 
 | 20:00:00 | 50.0 |  | 50.0 | 50.0 | 3.0 | 54.0 | 9290.7 |  |  |  |  | 
44479.0 | 08:00:00 | 50.0 |  | 50.0 | 50.0 | 12.0 | 216.0 | 9506.7 |  |  |  |  | 
 | 09:00:00 | 20.0 |  | 20.0 | 35.0 | 1.0 | 12.6 | 9519.300000000001 |  |  |  |  | 
 | 20:00:00 | 20.0 |  | 20.0 | 20.0 | 11.0 | 79.2 | 9598.500000000002 |  |  |  |  | 
44480.0 | 08:00:00 | 20.0 |  | 20.0 | 20.0 | 12.0 | 86.39999999999999 | 9684.900000000001 |  |  |  |  | 
9月25日-10月7日桃曲坡水库持续泄水，共泄水13天，泄水总量9685万方（其中溢洪道2066万方、低洞7619万方）。9月16日低洞泄水2.5小时、流量10m3/s，泄量9万方。至此，桃曲坡水库全年弃水14天，弃水量9694万方。 |  |  |  |  |  |  |  |  |  |  |  |  | 
===== Sheet: 岔口弃水 (99行) =====
9-10月份岔口断面弃水过程 |  |  |  |  |  |  | 
 |  |  |  |  |  | 水量单位：万方 | 
日期 | 时间 | 下泄流量 | 平均流量 | 历时(小时) | 泄水量 | 累计泄水量 | 备注
44440.0 | 08:00:00 | 3.0 |  |  |  |  | 
 | 20:00:00 | 2.0 | 2.5 | 12.0 | 10.799999999999999 | 10.799999999999999 | 
44441.0 | 08:00:00 | 1.0 | 1.5 | 12.0 | 6.4799999999999995 | 17.279999999999998 | 
 | 20:00:00 | 1.0 | 1.0 | 12.0 | 4.32 | 21.599999999999998 | 
44442.0 | 08:00:00 | 0.2 | 0.6 | 12.0 | 2.5919999999999996 | 24.191999999999997 | 
 | 20:00:00 | 5.0 | 2.6 | 12.0 | 11.232000000000001 | 35.424 | 
44443.0 | 08:00:00 | 5.0 | 5.0 | 12.0 | 21.599999999999998 | 57.024 | 
 | 20:00:00 | 3.0 | 4.0 | 12.0 | 17.28 | 74.304 | 
44444.0 | 08:00:00 | 3.0 | 3.0 | 12.0 | 12.959999999999999 | 87.264 | 
 | 20:00:00 | 6.0 | 4.5 | 12.0 | 19.439999999999998 | 106.704 | 
44445.0 | 08:00:00 | 2.0 | 4.0 | 12.0 | 17.28 | 123.984 | 
 | 20:00:00 | 2.0 | 2.0 | 12.0 | 8.64 | 132.624 | 
44446.0 | 08:00:00 | 1.0 | 1.5 | 12.0 | 6.4799999999999995 | 139.10399999999998 | 
 | 20:00:00 | 1.0 | 1.0 | 12.0 | 4.32 | 143.42399999999998 | 
44447.0 | 08:00:00 | 0.8 | 0.9 | 12.0 | 3.888 | 147.31199999999998 | 
 | 20:00:00 | 0.8 | 0.8 | 12.0 | 3.4560000000000004 | 150.76799999999997 | 
44448.0 | 08:00:00 | 0.8 | 0.8 | 12.0 | 3.4560000000000004 | 154.22399999999996 | 
 | 20:00:00 | 0.8 | 0.8 | 12.0 | 3.4560000000000004 | 157.67999999999995 | 
44449.0 | 08:00:00 | 0.5 | 0.65 | 12.0 | 2.8080000000000003 | 160.48799999999994 | 
 | 20:00:00 | 0.5 | 0.5 | 12.0 | 2.16 | 162.64799999999994 | 
44450.0 | 08:00:00 | 0.5 | 0.5 | 12.0 | 2.16 | 164.80799999999994 | 
 | 20:00:00 | 0.5 | 0.5 | 12.0 | 2.16 | 166.96799999999993 | 
44451.0 | 08:00:00 | 0.5 | 0.5 | 12.0 | 2.16 | 169.12799999999993 | 
 | 20:00:00 | 0.5 | 0.5 | 12.0 | 2.16 | 171.28799999999993 | 
44452.0 | 08:00:00 | 0.5 | 0.5 | 12.0 | 2.16 | 173.44799999999992 | 
 | 20:00:00 | 0.5 | 0.5 | 12.0 | 2.16 | 175.60799999999992 | 
44453.0 | 08:00:00 | 0.5 | 0.5 | 12.0 | 2.16 | 177.76799999999992 | 
 | 20:00:00 | 0.5 | 0.5 | 12.0 | 2.16 | 179.9279999999999 | 
44454.0 | 08:00:00 | 0.5 | 0.5 | 12.0 | 2.16 | 182.0879999999999 | 
 | 20:00:00 | 0.5 | 0.5 | 12.0 | 2.16 | 184.2479999999999 | 
44455.0 | 08:00:00 | 2.0 | 1.25 | 12.0 | 5.3999999999999995 | 189.6479999999999 | 
 | 20:00:00 | 2.0 | 2.0 | 12.0 | 8.64 | 198.2879999999999 | 
44456.0 | 08:00:00 | 2.5 | 2.25 | 12.0 | 9.719999999999999 | 208.0079999999999 | 
 | 20:00:00 | 15.0 | 8.75 | 12.0 | 37.8 | 245.80799999999988 | 
44457.0 | 08:00:00 | 18.0 | 16.5 | 12.0 | 71.28 | 317.08799999999985 | 
 | 20:00:00 | 30.0 | 24.0 | 12.0 | 103.67999999999999 | 420.76799999999986 | 
44458.0 | 08:00:00 | 20.0 | 25.0 | 12.0 | 108.0 | 528.7679999999998 | 
 | 20:00:00 | 15.0 | 17.5 | 12.0 | 75.6 | 604.3679999999998 | 
44459.0 | 08:00:00 | 12.0 | 13.5 | 12.0 | 58.32 | 662.6879999999999 | 
 | 20:00:00 | 8.0 | 10.0 | 12.0 | 43.199999999999996 | 705.8879999999999 | 
44460.0 | 08:00:00 | 5.0 | 6.5 | 12.0 | 28.08 | 733.968 | 
 | 20:00:00 | 3.0 | 4.0 | 12.0 | 17.28 | 751.2479999999999 | 
44461.0 | 08:00:00 | 3.0 | 3.0 | 12.0 | 12.959999999999999 | 764.208 | 
 | 20:00:00 | 2.0 | 2.5 | 12.0 | 10.799999999999999 | 775.0079999999999 | 
44462.0 | 08:00:00 | 2.0 | 2.0 | 12.0 | 8.64 | 783.6479999999999 | 
 | 20:00:00 | 3.0 | 2.5 | 12.0 | 10.799999999999999 | 794.4479999999999 | 
44463.0 | 08:00:00 | 3.0 | 3.0 | 12.0 | 12.959999999999999 | 807.4079999999999 | 
 | 20:00:00 | 20.0 | 11.5 | 12.0 | 49.68 | 857.0879999999999 | 
44464.0 | 08:00:00 | 10.0 | 15.0 | 12.0 | 64.8 | 921.8879999999998 | 
 | 20:00:00 | 20.0 | 15.0 | 12.0 | 64.8 | 986.6879999999998 | 
44465.0 | 08:00:00 | 200.0 | 110.0 | 12.0 | 475.2 | 1461.8879999999997 | 
 | 20:00:00 | 180.0 | 190.0 | 12.0 | 820.8 | 2282.6879999999996 | 
44466.0 | 08:00:00 | 160.0 | 170.0 | 12.0 | 734.4 | 3017.0879999999997 | 
 | 20:00:00 |  | 80.0 | 12.0 | 345.59999999999997 | 3362.6879999999996 | 
44467.0 | 08:00:00 |  | 0.0 | 12.0 | 0.0 | 3362.6879999999996 | 
 | 20:00:00 | 120.0 | 60.0 | 12.0 | 259.2 | 3621.8879999999995 | 
44467.0 | 08:00:00 | 70.0 | 95.0 | 12.0 | 410.4 | 4032.2879999999996 | 
 | 20:00:00 | 60.0 | 65.0 | 12.0 | 280.8 | 4313.088 | 
44468.0 | 08:00:00 | 35.0 | 47.5 | 12.0 | 205.2 | 4518.288 | 
 | 20:00:00 | 25.0 | 30.0 | 12.0 | 129.6 | 4647.888 | 
44469.0 | 08:00:00 | 25.0 | 25.0 | 12.0 | 108.0 | 4755.888 | 
 | 20:00:00 | 25.0 | 25.0 | 12.0 | 108.0 | 4863.888 | 
44470.0 | 08:00:00 | 25.0 | 25.0 | 12.0 | 108.0 | 4971.888 | 4971.888
 | 20:00:00 | 23.0 | 24.0 | 12.0 | 103.67999999999999 | 5075.568 | 
44471.0 | 08:00:00 | 23.0 | 23.0 | 12.0 | 99.36 | 5174.928 | 
 | 20:00:00 | 23.0 | 23.0 | 12.0 | 99.36 | 5274.288 | 
44472.0 | 08:00:00 | 23.0 | 23.0 | 12.0 | 99.36 | 5373.647999999999 | 
 | 20:00:00 | 200.0 | 111.5 | 12.0 | 481.68 | 5855.3279999999995 | 
44473.0 | 04:00:00 | 180.0 | 190.0 | 8.0 | 547.1999999999999 | 6402.527999999999 | 
 | 08:00:00 | 150.0 | 165.0 | 4.0 | 237.6 | 6640.128 | 
 | 10:00:00 | 150.0 | 150.0 | 2.0 | 108.0 | 6748.128 | 
 | 16:00:00 | 180.0 | 165.0 | 4.0 | 237.6 | 6985.728 | 
 | 20:00:00 | 180.0 | 180.0 | 4.0 | 259.2 | 7244.928 | 
44474.0 | 08:00:00 | 220.0 | 200.0 | 12.0 | 864.0 | 8108.928 | 
 | 10:00:00 | 240.0 | 230.0 | 2.0 | 165.6 | 8274.528 | 
 | 12:00:00 | 240.0 | 240.0 | 2.0 | 172.79999999999998 | 8447.328 | 
 | 20:00:00 | 260.0 | 250.0 | 8.0 | 720.0 | 9167.328 | 
44475.0 | 08:00:00 | 260.0 | 260.0 | 12.0 | 1123.2 | 10290.528 | 
 | 20:00:00 | 260.0 | 260.0 | 12.0 | 1123.2 | 11413.728000000001 | 
44476.0 | 08:00:00 | 240.0 | 250.0 | 12.0 | 1080.0 | 12493.728000000001 | 
 | 20:00:00 | 110.0 | 175.0 | 12.0 | 756.0 | 13249.728000000001 | 
 | 22:00:00 | 110.0 | 110.0 | 2.0 | 79.2 | 13328.928000000002 | 
44477.0 | 04:00:00 | 110.0 | 110.0 | 6.0 | 237.6 | 13566.528000000002 | 
 | 06:00:00 | 100.0 | 105.0 | 2.0 | 75.6 | 13642.128000000002 | 
 | 08:00:00 | 98.0 | 99.0 | 2.0 | 71.28 | 13713.408000000003 | 
 | 10:00:00 | 95.0 | 96.5 | 2.0 | 69.48 | 13782.888000000003 | 
 | 12:00:00 | 95.0 | 95.0 | 2.0 | 68.39999999999999 | 13851.288000000002 | 
 | 14:00:00 | 70.0 | 82.5 | 2.0 | 59.4 | 13910.688000000002 | 
44478.0 | 18:00:00 | 70.0 | 70.0 | 28.0 | 705.6 | 14616.288000000002 | 
 | 20:00:00 | 80.0 | 75.0 | 2.0 | 54.0 | 14670.288000000002 | 
 | 22:00:00 | 80.0 | 80.0 | 2.0 | 57.599999999999994 | 14727.888000000003 | 
44479.0 | 08:00:00 | 70.0 | 75.0 | 10.0 | 270.0 | 14997.888000000003 | 
 | 20:00:00 | 70.0 | 70.0 | 12.0 | 302.4 | 15300.288000000002 | 
44480.0 | 08:00:00 | 70.0 | 70.0 | 12.0 | 302.4 | 15602.688000000002 | 10630.800000000003
9-10月份岔口断面共计弃水量1.56亿立方米。其中9月份弃水量4972万方，9月24-26日8时强降雨过程弃水量3225万方；10月份弃水量1.06亿立方米。至此，岔口断面全年弃水170天，弃水量1.67亿立方米。 |  |  |  |  |  |  | 