===== Sheet: 入库洪水 (30行) =====
柳林断面流量统计表(“20200816”洪水) |  |  |  |  |  |  |  |  |  |  |  |  | 
 |  |  |  |  |  |  |  |  |  |  |  | 万立米 | 
日期 | 报汛时间 | 库水位 | 库容 | 流量 | 平均流量 | 历时 | 时段水量 | 洪水总量 | 1/3日洪量 | 依据库容反推的洪量 | 依据库容反推的入库流量 | 水位涨幅 | 柳林推求入库
44058.0 | 20:00:00 | 783.17 | 2754.0 | 16.1 |  |  |  |  |  |  |  |  | 
16日 | 06:00:00 |  |  | 40.0 | 28.05 | 10.0 | 100.97999999999999 | 100.97999999999999 |  |  |  |  | 
 | 07:00:00 |  |  | 70.0 | 55.0 | 1.0 | 19.8 | 120.77999999999999 |  |  |  |  | 
 | 08:00:00 | 783.72 | 2864.0 | 190.0 | 130.0 | 1.0 | 46.8 | 167.57999999999998 |  |  |  |  | 
 | 09:00:00 | 783.94 | 2908.0 | 209.0 | 199.5 | 1.0 | 71.82 | 239.39999999999998 |  |  | 133.09222222222223 |  | 257.0
 | 09:30:00 | 784.11 | 2942.0 |  |  | 0.5 |  |  |  |  | 199.7588888888889 | 16.999999999995907 | 
 | 10:00:00 | 784.25 | 2970.0 |  |  | 0.5 |  |  |  |  | 176.42555555555555 | 13.999999999998636 | 
 | 10:30:00 | 784.38 | 2996.0 |  |  | 0.5 |  |  |  |  | 175.31444444444446 | 12.999999999999545 | 
 | 11:00:00 | 784.5 | 3020.0 |  |  | 0.5 |  |  |  |  | 164.20333333333335 | 12.000000000000455 | 
 | 11:30:00 | 784.59 | 3039.8 |  |  | 0.5 |  |  |  |  | 140.870000000001 | 9.000000000003183 | 
 | 12:00:00 | 784.7 | 3064.0 |  |  | 0.5 |  |  |  |  | 165.31444444444344 | 11.000000000001364 | 
 | 12:30:00 | 784.78 | 3081.6 |  |  | 0.5 |  |  |  |  | 128.64777777777726 | 7.999999999992724 | 
 | 13:00:00 | 784.86 | 3099.2 |  |  | 0.5 |  |  |  |  | 128.64777777777726 | 8.000000000004093 | 
 | 13:30:00 | 784.93 | 3114.6 |  |  | 0.5 |  |  |  |  | 116.42555555555606 | 6.9999999999936335 | 
 | 15:00:00 | 785.09 | 3151.6 | 118.0 | 163.5 | 1.5 | 353.15999999999997 | 592.56 |  |  | 99.38851851851852 | 16.000000000008185 | 
 | 16:00:00 | 785.19 | 3175.6 |  |  | 1.0 |  |  |  |  | 97.53666666666668 | 10.000000000002274 | 
 | 18:00:00 | 785.34 | 3211.6 |  |  | 2.0 |  |  |  |  | 80.87 | 14.999999999997726 | 
 | 19:00:00 | 785.4 | 3226.0 |  |  | 1.0 |  |  |  |  | 70.87000000000025 | 5.999999999994543 | 
 | 20:00:00 | 785.45 | 3238.0 | 43.3 | 80.65 | 1.0 | 145.17 | 737.7299999999999 |  |  |  |  | 
17日 | 08:00:00 | 785.72 | 3302.8 | 30.5 | 36.9 | 12.0 | 159.408 | 897.1379999999999 | 729.558 |  |  |  | 
 | 20:00:00 | 785.87 | 3338.8 | 21.0 | 25.75 | 12.0 | 111.24 | 1008.3779999999999 |  |  |  |  | 
18.0 | 08:00:00 | 785.92 | 3350.8 | 16.6 | 18.8 | 12.0 | 81.21600000000001 | 1089.594 |  |  |  |  | 
 | 20:00:00 | 786.03 | 3376.9 | 12.0 | 14.3 | 12.0 | 61.776 | 1151.3700000000001 | 1151.3700000000001 |  |  |  | 
19.0 | 08:00:00 | 786.13 | 3399.9 | 8.0 | 10.0 | 12.0 | 43.199999999999996 | 1194.5700000000002 |  |  |  |  | 
合计 | -94.0 |  |  |  |  |  |  |  |  |  |  |  | 
备注：流域面雨量为82.8 mm，产流系数为 0.14 。 |  |  |  |  |  |  |  |  |  |  |  |  | 
===== Sheet: 下泄水量 (33行) =====
桃曲坡水库泄水过程(20200816洪水) |  |  |  |  |  |  |  |  |  | 
日期 | 时间 | 库水位 | 库容 | 下泄流量 |  |  | 平均流量 | 历时(小时) | 泄水量 | 累计泄水量
 |  |  |  | 低洞 | 高洞 | 小计 |  |  |  | 
44059.0 | 07:30:00 |  |  | 10.0 | 0.87 | 10.87 |  |  |  | 
 | 08:00:00 | 783.72 | 2864.0 | 10.0 | 0.87 | 10.87 | 10.87 | 0.5 | 1.9566 | 1.9566
 | 09:00:00 | 783.94 | 2908.0 | 10.0 | 0.87 | 10.87 | 10.87 | 1.0 | 3.9132 | 5.8698
 | 09:30:00 | 784.11 | 2942.0 | 10.0 | 0.87 | 10.87 | 10.87 | 0.5 | 1.9566 | 7.8264
 | 10:00:00 |  |  | 30.0 | 0.87 | 30.87 | 20.87 | 0.5 | 3.7566 | 11.583
 | 10:30:00 |  |  | 30.0 | 0.87 | 30.87 | 30.87 | 0.5 | 5.5565999999999995 | 17.1396
 | 11:00:00 |  |  | 30.0 | 0.87 | 30.87 | 30.87 | 0.5 | 5.5565999999999995 | 22.6962
 | 11:30:00 |  |  | 30.0 | 0.87 | 30.87 | 30.87 | 0.5 | 5.5565999999999995 | 28.2528
 | 12:00:00 |  |  | 30.0 | 0.87 | 30.87 | 30.87 | 0.5 | 5.5565999999999995 | 33.8094
 | 12:30:00 |  |  | 30.0 | 0.87 | 30.87 | 30.87 | 0.5 | 5.5565999999999995 | 39.366
 | 13:00:00 |  |  | 30.0 | 0.87 | 30.87 | 30.87 | 0.5 | 5.5565999999999995 | 44.9226
 | 13:30:00 |  |  | 30.0 | 0.87 | 30.87 | 30.87 | 0.5 | 5.5565999999999995 | 50.479200000000006
 | 15:00:00 |  |  | 30.0 | 0.87 | 30.87 | 30.87 | 1.5 | 16.6698 | 67.149
 | 16:00:00 |  |  | 30.0 | 0.87 | 30.87 | 30.87 | 1.0 | 11.113199999999999 | 78.2622
 | 18:00:00 |  |  | 30.0 | 0.87 | 30.87 | 30.87 | 2.0 | 22.226399999999998 | 100.4886
 | 19:00:00 |  |  | 30.0 | 0.87 | 30.87 | 30.87 | 1.0 | 11.113199999999999 | 111.6018
 | 20:00:00 |  |  | 30.0 | 0.87 | 30.87 | 30.87 | 1.0 | 11.113199999999999 | 122.715
17.0 | 08:00:00 |  |  | 30.0 | 0.87 | 30.87 | 30.87 | 12.0 | 133.3584 | 256.0734
 | 09:30:00 |  |  | 20.0 | 0.87 | 20.87 | 25.87 | 1.5 | 13.9698 | 270.0432
 | 20:00:00 |  |  | 20.0 | 0.87 | 20.87 | 20.87 | 10.5 | 78.88860000000001 | 348.9318
18.0 | 08:00:00 |  |  | 20.0 | 0.87 | 20.87 | 20.87 | 12.0 | 90.1584 | 439.0902
 | 09:00:00 |  |  | 10.0 | 0.87 | 10.87 | 15.870000000000001 | 1.0 | 5.7132000000000005 | 444.8034
 | 20:00:00 |  |  | 10.0 | 0.87 | 10.87 | 10.87 | 11.0 | 43.045199999999994 | 487.84860000000003
19.0 | 08:00:00 |  |  | 10.0 | 0.87 | 10.87 | 10.87 | 12.0 | 46.9584 | 534.807
 | 09:00:00 |  |  | 0.0 | 0.87 | 0.87 | 5.869999999999999 | 1.0 | 2.1131999999999995 | 536.9202
备注：泄水全部用于农业灌溉。 |  |  |  |  |  |  |  |  |  | 
===== Sheet: Sheet1 (20行) =====
“8.16”洪水流域各雨量站日降雨量统计表 |  |  |  |  |  |  | 
 |  |  |  |  |  | mm | 
时间 | 柳林 | 瑶曲 | 庙湾 | 马栏 | 枢纽 | 红星 | 尚书
12日 | 13.5 | 15.6 | 25.0 | 36.6 | 11.5 | 14.5 | 17.0
13日 | 0.0 | 0.0 | 0.0 | 0.0 | 0.0 | 0.0 | 0.0
14日 | 22.9 | 25.6 | 25.3 | 21.4 | 16.5 | 20.5 | 17.5
15日 | 34.3 | 32.7 | 50.7 | 84.0 | 24.5 | 7.0 | 8.0
16日 | 1.6 | 2.2 | 1.2 |  | 0.5 | 0.5 | 1.5
17日 | 0.8 | 1.5 | 0.6 |  | 2.0 | 1.5 | 1.5
18日 | 7.0 | 3.9 | 3.7 |  | 7.5 | 21.5 | 19.0
合计 | 80.09999999999998 | 81.50000000000001 | 106.5 | 142.0 | 62.5 | 65.5 | 64.5
面雨量 | 82.8 |  |  |  |  |  | 
“8.16”洪水预报值 |  |  |  |  |  |  | 
 | 柳林 | 瑶曲 | 庙湾 | 枢纽 |  |  | 
各站点降雨（15日8时） | 80.09999999999998 | 81.50000000000001 | 106.5 | 62.5 |  |  | 
权重 | 0.209 | 0.282 | 0.422 | 0.087 |  |  | 
面雨量 | 90.1044 |  |  |  |  |  | 
净雨深R | 18.020880000000002 |  |  |  |  |  | 
洪水总量W=0.1RF | 1495.7330400000003 |  |  |  |  |  | 
===== Sheet: Sheet4 (12行) =====
44058.0 | 20:00:00 | 16.1 |  |  |  |  |  |  |  |  |  |  |  |  |  | 桃曲坡水库“20200816洪水”柳林断面洪水过程线 |  |  |  |  |  |  |  | 
44424.0 | 06:00:00 | 40.0 |  |  |  |  |  |  |  |  |  |  |  |  |  |  |  |  |  |  |  |  |  | 单位：m3/s
 | 07:00:00 | 70.0 |  |  |  |  |  |  |  |  |  |  |  |  |  |  |  |  |  |  |  |  |  | 
 | 08:00:00 | 190.0 |  |  |  |  |  |  |  |  |  |  |  |  |  |  |  |  |  |  |  |  |  | 
 | 09:00:00 | 209.0 |  |  |  |  |  |  |  |  |  |  |  |  |  |  |  |  |  |  |  |  |  | 
 | 15:00:00 | 118.0 |  |  |  |  |  |  |  |  |  |  |  |  |  |  |  |  |  |  |  |  |  | 
 | 20:00:00 | 43.3 |  |  |  |  |  |  |  |  |  |  |  |  |  |  |  |  |  |  |  |  |  | 
44425.0 | 08:00:00 | 30.5 |  |  |  |  |  |  |  |  |  |  |  |  |  |  |  |  |  |  |  |  |  | 
 | 20:00:00 | 21.0 |  |  |  |  |  |  |  |  |  |  |  |  |  |  |  |  |  |  |  |  |  | 
44426.0 | 08:00:00 | 16.6 |  |  |  |  |  |  |  |  |  |  |  |  |  |  |  |  |  |  |  |  |  | 
 | 20:00:00 | 12.0 |  |  |  |  |  |  |  |  |  |  |  |  |  |  |  |  |  |  |  |  |  | 
44427.0 | 08:00:00 | 8.0 |  |  |  |  |  |  |  |  |  |  |  |  |  |  |  |  |  |  |  |  |  | 