===== Sheet: 入库洪水 (45行) =====
柳林断面流量统计表(“20210925”洪水) |  |  |  |  |  |  |  |  |  | 
日期 | 报汛时间 | 库水位 | 库容 | 柳林流量 | 平均流量 | 历时 | 时段水量 | 洪水总量 | 2日洪量 | 依据库容反推的洪量
44463.0 | 08:00:00 | 784.46 | 3012.0 | 14.4 |  |  |  |  |  | 
 | 20:00:00 | 784.9 | 3108.0 | 30.4 | 22.4 | 12.0 | 96.76799999999999 | 96.76799999999999 |  | 
44464.0 | 1900-01-01 08:00:00 | 785.5 | 3250.0 | 25.2 | 27.799999999999997 | 12.0 | 120.09599999999999 | 216.86399999999998 |  | 
 | 11:00:00 | 785.66 | 3288.4 |  |  |  |  | 216.86399999999998 |  | 
 | 13:50:00 |  |  | 30.6 | 27.9 | 5.83 | 58.55651999999999 | 275.42051999999995 |  | 
 | 20:00:00 | 786.1 | 3393.0 | 67.7 | 49.150000000000006 | 6.17 | 109.17198 | 384.5925 |  | 
 | 20:20:00 |  |  | 70.0 | 68.85 | 0.33 | 8.179379999999998 | 392.77187999999995 |  | 
 | 22:00:00 | 786.25 | 3427.5 |  |  |  |  | 392.77187999999995 |  | 78.0
 | 22:30:00 |  |  | 160.0 | 115.0 | 2.2 | 91.08000000000001 | 483.85187999999994 |  | 
 | 23:30:00 |  |  | 217.0 | 188.5 | 1.0 | 67.86 | 551.71188 |  | 
44465.0 | 00:00:00 | 786.48 | 3480.4 |  |  |  |  | 551.71188 |  | 139.0
 | 00:15:00 |  |  | 170.0 | 193.5 | 0.75 | 52.245 | 603.95688 |  | 
 | 01:00:00 | 786.55 | 3496.5 |  |  |  |  | 603.95688 |  | 160.0
 | 01:30:00 | 786.56 | 3498.8 |  |  |  |  | 603.95688 |  | 163.0
 | 02:40:00 |  |  | 130.0 | 150.0 | 2.42 | 130.68 | 734.63688 |  | 
 | 03:00:00 | 786.56 | 3498.8 |  |  |  |  | 734.63688 |  | 150.0
 | 04:00:00 | 786.54 | 3494.2 |  |  |  |  | 734.63688 |  | 137.0
 | 04:25:00 |  |  | 110.0 | 120.0 | 1.75 | 75.6 | 810.23688 |  | 
 | 06:10:00 |  |  | 100.0 | 105.0 | 1.75 | 66.14999999999999 | 876.38688 |  | 
 | 06:30:00 | 786.43 | 3468.9 |  |  |  |  | 876.38688 |  | 
 | 08:00:00 | 786.39 | 3459.7 | 75.2 | 87.6 | 1.83 | 57.710879999999996 | 934.09776 |  | 
 | 10:00:00 | 786.25 | 3427.5 |  |  |  |  | 934.09776 |  | 
 | 12:00:00 | 786.13 | 3399.9 |  |  |  |  | 934.09776 |  | 
 | 14:00:00 | 786.02 | 3374.6 |  |  |  |  | 934.09776 |  | 
 | 14:10:00 |  |  | 84.6 | 79.9 | 6.17 | 177.47388 | 1111.5716400000001 |  | 
 | 16:00:00 | 785.94 | 3355.6 |  |  |  |  | 1111.5716400000001 |  | 94.0
 | 18:00:00 | 785.89 | 3343.6 |  |  |  |  | 1111.5716400000001 |  | 103.0
 | 20:00:00 | 785.85 | 3334.0 | 77.0 | 80.8 | 5.83 | 169.58303999999998 | 1281.15468 |  | 107.0
 | 22:00:00 | 785.81 | 3324.4 |  |  |  |  | 1281.15468 |  | 107.0
44466.0 | 08:00:00 | 785.43 | 3233.2 | 49.0 | 63.0 | 12.0 | 272.15999999999997 | 1553.31468 | 1336.45068 | 
 | 20:00:00 |  |  | 35.0 | 42.0 | 12.0 | 181.44 | 1734.75468 |  | 
28日 | 08:00:00 |  |  | 42.0 | 38.5 | 12.0 | 166.32 | 1901.07468 |  | 
 | 20:00:00 |  |  | 30.0 | 36.0 | 12.0 | 155.51999999999998 | 2056.59468 |  | 
29日 | 1900-01-02 08:00:00 |  |  | 13.5 | 21.75 | 12.0 | 93.96 | 2150.55468 |  | 
 | 1900-01-02 20:00:00 |  |  | 14.8 | 14.15 | 12.0 | 61.128 | 2211.6826800000003 |  | 
30日 | 1900-01-03 08:00:00 |  |  | 13.8 | 14.3 | 12.0 | 61.776 | 2273.45868 |  | 
 | 1900-01-03 20:00:00 |  |  | 13.2 | 13.5 | 12.0 | 58.32 | 2331.7786800000003 |  | 
1日 | 1900-01-04 08:00:00 |  |  | 11.4 | 12.3 | 12.0 | 53.136 | 2384.9146800000003 |  | 
 | 1900-01-04 20:00:00 |  |  | 16.5 | 13.95 | 12.0 | 60.26399999999999 | 2445.1786800000004 |  | 
2日 | 1900-01-05 08:00:00 |  |  | 14.0 | 15.25 | 12.0 | 65.88 | 2511.0586800000005 |  | 
 | 1900-01-05 20:00:00 |  |  | 12.0 | 13.0 | 12.0 | 56.16 | 2567.2186800000004 |  | 
===== Sheet: 下泄水量 (26行) =====
桃曲坡水库泄水过程(20210925洪水)   
                                              单位：m3/s  万m3 |  |  |  |  |  |  |  | 
日期 | 时间 | 下泄流量 |  |  | 平均流量 | 历时(小时) | 泄水量 | 累计泄水量
 |  | 低洞 | 溢洪道 | 小计 |  |  |  | 
44464.0 | 19:00:00 | 10.0 |  | 10.0 |  |  |  | 
 | 20:40:00 | 30.0 |  | 30.0 | 20.0 | 1.67 | 12.024 | 12.024
 | 22:00:00 | 50.0 |  | 50.0 | 40.0 | 1.33 | 19.152 | 31.176000000000002
 | 22:30:00 | 80.0 |  | 80.0 | 65.0 | 0.5 | 11.7 | 42.876000000000005
44465.0 | 00:30:00 | 80.0 | 70.0 | 150.0 | 115.0 | 2.0 | 82.8 | 125.676
 | 08:00:00 | 80.0 | 70.0 | 150.0 | 150.0 | 7.5 | 405.0 | 530.676
 | 12:00:00 | 80.0 | 70.0 | 150.0 | 150.0 | 4.0 | 216.0 | 746.676
 | 13:00:00 | 80.0 | 40.0 | 120.0 | 135.0 | 1.0 | 48.6 | 795.2760000000001
 | 20:00:00 | 80.0 | 40.0 | 120.0 | 120.0 | 7.0 | 302.4 | 1097.676
 | 22:00:00 | 80.0 | 40.0 | 120.0 | 120.0 | 2.0 | 86.39999999999999 | 1184.076
 | 22:30:00 | 80.0 | 20.0 | 100.0 | 110.0 | 0.5 | 19.8 | 1203.876
44466.0 | 08:00:00 | 80.0 | 20.0 | 100.0 | 100.0 | 9.5 | 342.0 | 1545.876
 | 08:40:00 | 80.0 | 关闭 | 80.0 | 90.0 | 0.67 | 21.708000000000002 | 1567.584
桃曲坡灌区9月24-26日降雨量统计表 |  |  |  |  |  |  |  | 
 |  |  |  |  | mm |  |  | 
时间 | 柳林 | 庙湾 | 瑶曲 | 枢纽 | 红星 | 尚书 | 马栏 | 
44463.0 | 21.1 | 24.6 | 30.9 | 56.5 | 45.0 | 58.0 | 18.3 | 
44464.0 | 39.2 | 48.8 | 38.8 | 53.5 | 43.5 | 45.5 | 61.7 | 
44465.0 | 5.4 | 15.2 | 14.7 | 17.0 | 22.0 | 16.5 | 14.2 | 
合计 | 65.7 | 88.60000000000001 | 84.39999999999999 | 127.0 | 110.5 | 120.0 | 94.2 | 
桃曲坡水库流域过程面雨量86mm。 |  |  |  |  |  |  |  | 
===== Sheet: 降雨量 (7行) =====
“9.25”洪水预报值 |  |  |  | 
 | 柳林 | 瑶曲 | 庙湾 | 枢纽
各站点降雨 | 65.7 | 84.39999999999999 | 88.60000000000001 | 127.0
权重 | 0.209 | 0.282 | 0.422 | 0.087
面雨量 |  | 85.97030000000001 |  | 
净雨深R |  | 17.194060000000004 |  | 
洪水总量W=0.1RF |  | 1427.1069800000002 |  | 
===== Sheet: 岔口弃水 (59行) =====
9月份岔口断面弃水过程 |  |  |  |  |  |  | 
 |  |  |  |  |  | 水量单位：万方 | 
日期 | 时间 | 下泄流量 | 平均流量 | 历时(小时) | 泄水量 | 累计泄水量 | 备注
44440.0 | 08:00:00 | 3.0 |  |  |  |  | 
 | 20:00:00 | 2.0 | 2.5 | 12.0 | 10.799999999999999 | 10.799999999999999 | 
44441.0 | 08:00:00 | 1.0 | 1.5 | 12.0 | 6.4799999999999995 | 17.279999999999998 | 
 | 20:00:00 | 1.0 | 1.0 | 12.0 | 4.32 | 21.599999999999998 | 
44442.0 | 08:00:00 | 0.2 | 0.6 | 12.0 | 2.5919999999999996 | 24.191999999999997 | 
 | 20:00:00 | 5.0 | 2.6 | 12.0 | 11.232000000000001 | 35.424 | 
44443.0 | 08:00:00 | 5.0 | 5.0 | 12.0 | 21.599999999999998 | 57.024 | 
 | 20:00:00 | 3.0 | 4.0 | 12.0 | 17.28 | 74.304 | 
44444.0 | 08:00:00 | 3.0 | 3.0 | 12.0 | 12.959999999999999 | 87.264 | 
 | 20:00:00 | 6.0 | 4.5 | 12.0 | 19.439999999999998 | 106.704 | 
44445.0 | 08:00:00 | 2.0 | 4.0 | 12.0 | 17.28 | 123.984 | 
 | 20:00:00 | 2.0 | 2.0 | 12.0 | 8.64 | 132.624 | 
44446.0 | 08:00:00 | 1.0 | 1.5 | 12.0 | 6.4799999999999995 | 139.10399999999998 | 
 | 20:00:00 | 1.0 | 1.0 | 12.0 | 4.32 | 143.42399999999998 | 
44447.0 | 08:00:00 | 0.8 | 0.9 | 12.0 | 3.888 | 147.31199999999998 | 
 | 20:00:00 | 0.8 | 0.8 | 12.0 | 3.4560000000000004 | 150.76799999999997 | 
44448.0 | 08:00:00 | 0.8 | 0.8 | 12.0 | 3.4560000000000004 | 154.22399999999996 | 
 | 20:00:00 | 0.8 | 0.8 | 12.0 | 3.4560000000000004 | 157.67999999999995 | 
44449.0 | 08:00:00 | 0.5 | 0.65 | 12.0 | 2.8080000000000003 | 160.48799999999994 | 
 | 20:00:00 | 0.5 | 0.5 | 12.0 | 2.16 | 162.64799999999994 | 
44450.0 | 08:00:00 | 0.5 | 0.5 | 12.0 | 2.16 | 164.80799999999994 | 
 | 20:00:00 | 0.5 | 0.5 | 12.0 | 2.16 | 166.96799999999993 | 
44451.0 | 08:00:00 | 0.5 | 0.5 | 12.0 | 2.16 | 169.12799999999993 | 
 | 20:00:00 | 0.5 | 0.5 | 12.0 | 2.16 | 171.28799999999993 | 
44452.0 | 08:00:00 | 0.5 | 0.5 | 12.0 | 2.16 | 173.44799999999992 | 
 | 20:00:00 | 0.5 | 0.5 | 12.0 | 2.16 | 175.60799999999992 | 
44453.0 | 08:00:00 | 0.5 | 0.5 | 12.0 | 2.16 | 177.76799999999992 | 
 | 20:00:00 | 0.5 | 0.5 | 12.0 | 2.16 | 179.9279999999999 | 
44454.0 | 08:00:00 | 0.5 | 0.5 | 12.0 | 2.16 | 182.0879999999999 | 
 | 20:00:00 | 0.5 | 0.5 | 12.0 | 2.16 | 184.2479999999999 | 
44455.0 | 08:00:00 | 2.0 | 1.25 | 12.0 | 5.3999999999999995 | 189.6479999999999 | 
 | 20:00:00 | 2.0 | 2.0 | 12.0 | 8.64 | 198.2879999999999 | 
44456.0 | 08:00:00 | 2.5 | 2.25 | 12.0 | 9.719999999999999 | 208.0079999999999 | 
 | 20:00:00 | 15.0 | 8.75 | 12.0 | 37.8 | 245.80799999999988 | 
44457.0 | 08:00:00 | 18.0 | 16.5 | 12.0 | 71.28 | 317.08799999999985 | 
 | 20:00:00 | 30.0 | 24.0 | 12.0 | 103.67999999999999 | 420.76799999999986 | 
44458.0 | 08:00:00 | 20.0 | 25.0 | 12.0 | 108.0 | 528.7679999999998 | 
 | 20:00:00 | 15.0 | 17.5 | 12.0 | 75.6 | 604.3679999999998 | 
44459.0 | 08:00:00 | 12.0 | 13.5 | 12.0 | 58.32 | 662.6879999999999 | 
 | 20:00:00 | 8.0 | 10.0 | 12.0 | 43.199999999999996 | 705.8879999999999 | 
44460.0 | 08:00:00 | 5.0 | 6.5 | 12.0 | 28.08 | 733.968 | 
 | 20:00:00 | 3.0 | 4.0 | 12.0 | 17.28 | 751.2479999999999 | 
44461.0 | 08:00:00 | 3.0 | 3.0 | 12.0 | 12.959999999999999 | 764.208 | 
 | 20:00:00 | 2.0 | 2.5 | 12.0 | 10.799999999999999 | 775.0079999999999 | 
44462.0 | 08:00:00 | 2.0 | 2.0 | 12.0 | 8.64 | 783.6479999999999 | 
 | 20:00:00 | 3.0 | 2.5 | 12.0 | 10.799999999999999 | 794.4479999999999 | 
44463.0 | 08:00:00 | 3.0 | 3.0 | 12.0 | 12.959999999999999 | 807.4079999999999 | 
 | 20:00:00 | 20.0 | 11.5 | 12.0 | 49.68 | 857.0879999999999 | 
44464.0 | 08:00:00 | 10.0 | 15.0 | 12.0 | 64.8 | 921.8879999999998 | 
 | 20:00:00 | 20.0 | 15.0 | 12.0 | 64.8 | 986.6879999999998 | 
44465.0 | 08:00:00 | 200.0 | 110.0 | 12.0 | 475.2 | 1461.8879999999997 | 
 | 20:00:00 | 180.0 | 190.0 | 12.0 | 820.8 | 2282.6879999999996 | 
44466.0 | 08:00:00 | 160.0 | 170.0 | 12.0 | 734.4 | 3017.0879999999997 | 2209.68
 | 20:00:00 |  |  |  |  |  | 
44467.0 | 08:00:00 |  |  |  |  |  | 
9月份岔口断面累计弃水量3017万方；9月24-26日8时强降雨过程岔口断面弃水量2210万方。 |  |  |  |  |  |  | 